1 0 1 2 3 4 5 
2 6 7 8 9 10 
2 11 12 13 14 15 
2 16 17 18 19 20 
2 21 22 23 24 22 
3 25 26 27 28 29 
3 30 31 32 33 34 
3 35 36 37 38 37 
3 38 39 40 41 42 
3 43 34 44 45 46 
3 47 48 49 50 51 
3 52 53 54 55 56 
3 57 58 59 58 60 
3 59 28 61 62 63 
3 62 64 65 66 67 
3 68 69 70 71 72 
4 73 74 75 76 77 
4 76 78 79 80 81 
4 82 83 84 85 86 
4 87 88 89 90 91 
4 92 93 92 
5 25 26 27 94 29 
5 95 96 97 28 98 
5 99 30 31 100 101 
5 102 32 33 103 104 
6 25 26 27 94 29 
6 95 96 97 28 98 
6 99 30 31 100 101 
6 102 32 33 34 103 
6 35 36 37 38 39 
6 40 41 42 43 44 
6 45 46 105 47 48 
6 49 106 107 108 109 
6 110 111 112 113 114 
6 115 116 117 118 119 
6 120 109 120 121 122 
6 123 124 122 123 124 
6 125 126 127 128 111 129 
7 130 131 132 130 133 
7 134 135 136 137 138 
7 139 140 141 142 143 
7 144 145 146 147 148 
8 149 150 151 
9 25 26 25 27 94 
9 29 28 99 31 100 
9 102 34 26 27 25 
9 29 28 107 117 152 
9 153 154 152 66 153 
9 121 155 
10 156 157 158 
11 0 159 2 160 3 
11 161 162 163 164 165 
11 166 167 168 169 170 
11 171 172 173 174 175 
11 174 176 177 178 179 
11 180 181 182 183 184 
12 185 186 187 188 189 
12 190 191 192 193 194 
12 195 196 197 198 199 
12 200 201 202 203 204 
12 205 206 207 208 209 
12 210 211 212 213 214 215 
13 176 177 216 
14 217 218 219 220 221 
14 222 223 224 225 
15 0 159 1 2 226 
15 160 3 161 162 164 165 
16 25 26 
17 227 228 229 230 231 
17 232 233 232 233 234 235 
18 236 237 238 239 240 
18 158 241 242 243 244 
18 245 246 247 248 249 250 
19 251 252 
20 253 254 255 256 257 
20 258 259 
21 260 261 262 263 264 
21 265 266 267 
22 268 269 
23 270 271 272 273 274 275 
24 276 277 278 279 280 
24 281 282 283 284 285 
24 282 286 287 288 289 
24 290 291 292 293 294 
24 293 294 
25 295 296 295 296 295 
25 296 295 296 295 296 
25 295 296 295 296 295 
25 296 295 296 295 296 
25 295 296 295 296 295 
25 296 295 296 295 296 
25 295 296 295 296 295 
25 296 295 296 295 296 
25 295 296 295 297 298 
25 297 298 297 298 297 
25 298 297 298 297 298 
25 297 298 297 298 297 
25 298 297 298 297 298 
25 297 298 297 298 297 
25 298 297 298 297 298 
25 297 298 297 298 297 
25 298 297 298 297 298 
25 297 298 297 298 297 
25 298 297 298 297 298 
25 297 298 297 298 297 
25 298 297 298 297 298 
25 297 298 297 298 297 
25 298 297 298 297 298 
25 297 298 297 298 297 
25 298 297 298 297 298 
25 297 298 297 298 297 
25 298 297 298 297 298 
25 297 298 297 298 297 
25 298 297 298 297 298 
25 297 298 297 298 297 
25 298 297 298 297 298 
25 297 298 297 298 297 
25 298 297 298 297 298 
25 297 298 297 298 297 
25 298 297 298 297 298 
25 297 298 297 298 297 
25 298 297 298 297 298 
25 297 298 297 298 
26 299 300 299 300 301 302 
27 303 304 305 306 307 308 
28 309 310 311 312 313 314 
29 315 316 317 318 
30 319 320 321 322 
31 323 324 
32 325 326 
33 327 328 329 
34 330 331 332 
35 0 159 1 161 162 
35 163 164 165 162 166 
35 333 334 168 167 166 333 
36 330 331 332 185 
37 335 336 
38 166 0 176 177 0 
39 337 338 339 340 
40 43 153 116 110 64 
40 110 101 102 32 33 
40 34 35 45 105 47 
40 48 106 107 341 342 
40 108 63 153 343 152 
40 344 64 65 
41 345 346 347 
42 348 349 350 351 352 353 
43 354 355 
44 356 357 358 359 360 
45 169 361 169 170 362 172 
46 363 364 
47 365 366 367 368 369 
47 370 371 
48 25 26 95 96 35 
48 103 68 372 
49 373 374 375 376 
50 377 378 
51 379 380 
52 381 382 
53 383 384 385 386 
54 365 387 388 389 
55 390 391 
56 392 393 394 395 396 
56 397 398 399 400 401 
56 402 403 404 405 406 
56 407 408 
57 409 410 411 
58 412 413 
59 414 415 416 417 418 
59 419 420 421 422 423 
59 424 425 426 425 426 
59 427 428 429 430 431 
59 432 433 434 
60 149 150 
61 99 34 108 111 
62 435 436 437 
63 438 439 440 441 
64 442 443 
65 25 26 27 94 29 
65 96 97 98 99 31 
65 101 102 32 33 34 
65 103 35 36 37 38 
65 39 40 41 43 44 
65 45 46 105 47 48 
65 49 50 106 107 341 
65 342 108 110 109 111 
65 104 112 444 113 114 
65 116 117 119 120 119 
65 121 120 121 122 123 
65 124 125 126 122 123 
65 124 125 126 127 126 
65 127 445 446 447 128 
65 129 372 448 449 450 
65 155 451 51 
66 452 453 454 455 
67 456 457 458 459 460 461 
68 462 463 464 465 466 467 
69 468 469 470 469 
70 471 472 473 474 145 
70 475 476 
71 477 478 479 480 481 
71 482 483 
72 388 389 452 484 485 
72 484 486 452 487 488 489 
73 490 491 492 
74 493 494 495 496 497 
74 498 499 500 501 502 
74 503 504 505 506 507 
74 508 509 510 511 512 
74 513 514 513 515 516 
74 510 517 518 519 520 
75 521 522 
76 99 523 524 525 526 
76 527 528 529 530 
77 531 532 
78 533 534 535 536 537 
78 538 539 540 541 542 
78 543 533 544 545 546 
78 544 547 534 548 549 
78 550 551 552 550 551 
78 553 554 555 556 557 
78 558 559 560 561 562 
78 563 564 565 566 567 
78 568 562 569 570 564 
78 565 571 572 573 574 575 
79 576 577 
80 578 579 580 581 582 
81 0 159 1 
82 583 584 585 586 587 
82 588 62 153 63 155 
82 343 152 344 64 65 
82 589 155 66 590 591 
82 68 70 71 72 592 
83 426 427 431 432 593 
84 0 159 2 226 160 
85 594 595 596 597 598 
85 599 600 601 594 595 
85 596 602 
86 603 604 605 
87 606 607 608 609 
88 2 226 160 3 161 
88 162 163 164 165 166 
88 162 163 164 165 166 
88 333 334 610 168 167 
88 169 361 170 171 362 
88 172 611 173 174 
89 612 613 614 615 612 616 
90 617 618 619 
91 325 326 
92 25 26 25 27 94 
92 29 95 96 97 28 
92 98 99 30 31 32 
92 34 36 
93 620 621 622 623 
94 624 625 626 627 
95 628 629 630 631 
96 632 633 
97 634 635 
98 636 637 638 
99 639 640 641 642 643 
100 644 645 646 645 
101 647 648 649 
102 650 651 
103 652 653 654 655 
104 656 657 656 
105 616 658 659 616 660 
106 179 180 183 661 662 
106 663 664 169 665 
107 0 159 1 2 226 160 
108 168 167 169 170 171 
108 362 172 611 611 
109 25 26 27 94 29 
109 96 98 666 667 668 
109 669 670 671 672 673 
109 674 675 676 677 678 
109 679 680 681 682 683 
110 684 685 
111 686 687 688 
112 689 690 691 692 689 
112 693 694 695 696 
113 697 698 699 700 701 
113 702 703 704 705 706 
113 707 708 709 710 711 
113 712 713 714 715 716 
113 717 718 719 720 721 
113 722 723 
114 724 725 726 
115 25 26 27 94 29 
115 95 96 97 28 98 
115 99 30 31 100 101 
115 34 103 35 36 37 
115 38 39 40 41 42 
115 43 44 45 46 47 
115 50 106 107 341 342 
115 108 110 109 111 104 
115 112 444 113 114 115 
115 116 117 118 119 120 
115 121 122 123 124 125 
115 126 127 445 446 447 
115 128 129 372 448 449 
115 450 451 51 52 53 
115 54 55 56 57 58 
115 60 59 61 583 727 
115 584 585 586 728 587 
115 588 62 63 153 343 152 
116 729 730 731 732 733 
116 734 735 736 737 738 
116 739 740 741 742 
117 743 744 
118 745 746 747 748 749 
118 750 751 
119 752 753 754 755 756 
119 757 758 759 760 761 
120 0 159 226 160 163 
120 164 165 762 763 118 
120 119 120 123 124 125 
120 126 446 447 128 129 
120 372 448 449 450 584 
120 585 586 728 
121 25 26 
122 161 178 764 765 
123 155 25 
124 25 26 27 94 29 
124 97 28 98 99 31 
124 37 103 35 36 37 
124 39 40 41 43 44 
124 45 46 48 50 106 
124 107 341 342 108 
125 766 767 768 769 770 
125 771 772 773 774 775 
125 776 777 778 779 780 
125 781 782 783 784 785 
125 786 787 788 789 790 
125 791 792 793 794 795 
125 796 797 798 799 797 
125 800 801 802 803 804 805 
126 806 807 808 809 810 
126 811 812 813 814 810 
126 815 816 817 818 819 820 
127 821 822 823 824 825 
128 826 827 
129 0 159 1 226 2 
129 160 3 161 
130 828 829 830 
131 831 832 833 
132 834 835 
133 836 837 
134 838 839 77 76 78 
134 79 80 81 82 84 85 
135 0 159 1 
136 840 841 840 382 
137 842 843 844 845 846 
137 847 848 849 
138 850 851 852 
139 853 854 
140 855 856 857 858 859 
140 860 861 862 863 864 
140 865 866 867 868 869 
141 870 871 872 873 874 
142 330 331 332 185 186 
142 187 188 189 
143 875 876 877 878 879 
143 880 881 882 
144 883 884 885 886 
145 252 887 888 889 890 
145 891 892 893 894 895 
145 896 897 898 899 
146 153 149 900 
147 901 902 903 
148 904 905 906 907 
149 908 909 910 911 912 
149 913 914 915 916 
150 917 918 
151 919 920 921 922 
152 923 494 495 924 925 
152 926 927 928 500 929 930 
153 931 932 932 933 934 
153 935 936 
154 25 26 27 94 96 
154 97 51 52 61 
155 937 938 939 940 941 
155 942 943 944 945 946 
155 947 948 949 
156 950 951 952 
157 730 731 732 
158 953 954 955 956 
159 957 958 959 960 961 
159 962 963 443 964 965 
159 966 967 968 969 970 
159 971 442 972 973 974 975 
160 976 977 978 
161 979 980 
162 981 982 983 984 985 
163 25 26 27 
164 986 987 988 989 
165 25 26 27 29 96 
165 97 28 99 30 31 
165 100 102 33 34 35 
165 36 38 39 43 44 
165 45 46 47 48 50 
165 106 107 
166 105 47 48 49 50 
166 119 120 121 122 445 
166 446 447 128 51 30 
166 119 103 122 344 110 
166 109 64 65 589 66 
166 590 591 592 67 68 
166 69 70 0 3 164 
166 166 183 184 52 57 
166 58 727 585 588 62 
166 63 152 344 64 344 64 
167 990 991 992 993 994 
167 995 996 997 998 999 
168 1000 1001 1002 1003 
169 1004 1005 1006 
170 330 331 185 331 186 
170 187 186 187 188 189 
170 190 189 191 1007 
171 610 166 1008 
172 1009 1010 1011 1012 1013 
173 1014 1015 
174 1016 1017 1018 1019 1020 
174 1021 1022 1023 1024 
175 1025 1026 
176 1027 1028 
177 1029 1030 
178 1031 1032 861 1033 1034 
178 1035 1036 
179 1037 1038 1039 1040 1041 1042 
180 0 159 
181 1043 1044 1045 1046 1045 
181 1047 1048 
182 1049 1050 
183 1051 1052 
184 1053 1054 1055 1056 1055 
184 1056 1057 
185 1058 1059 1060 1061 
186 1062 1063 1064 1065 1066 
186 1067 1068 1069 1070 1071 
186 1072 1073 1074 
187 1075 1076 
188 1077 1078 1079 
189 1080 1081 
190 1082 1083 1084 1082 
191 25 94 95 96 97 
191 28 98 99 30 34 
191 103 46 47 48 50 
191 106 341 342 110 109 
191 120 122 125 445 446 
191 447 129 372 448 449 
191 155 451 51 52 53 
191 55 727 584 585 586 
191 63 64 65 589 66 
191 590 591 68 71 72 
191 1085 63 1085 154 
192 1086 1087 1088 1089 1090 
192 1091 1092 1093 1094 1095 
192 1096 1097 1098 
193 25 26 27 94 29 
193 95 96 97 28 
194 1099 1100 1101 1102 1103 
194 1102 1103 1104 1105 1106 
194 1107 1108 1109 
195 1110 306 307 308 1111 
195 1112 1113 1114 1115 1116 
195 1117 1118 1119 1120 303 
195 304 1121 1122 
196 1123 1124 1125 
197 1126 1127 1128 1129 1130 
197 1131 1132 1129 1133 1134 
197 1135 1136 1137 1138 1139 
197 1140 1141 1142 1143 1144 
197 288 1145 1145 289 294 
197 1146 1147 1148 1149 1150 
197 1151 1152 1153 1154 1155 
197 1156 1157 1158 1159 1160 1161 
198 118 120 110 109 111 
198 112 444 113 114 122 
198 123 124 125 126 127 
198 445 446 110 126 445 
198 446 447 129 51 52 
198 53 52 53 54 55 
198 56 57 58 56 57 
198 58 586 588 
199 1162 1163 1164 1163 1165 
200 1166 1167 145 475 476 
201 1168 1169 1170 1171 1172 
201 1173 1174 
202 1175 1176 
203 98 99 30 31 100 
204 1177 1178 1179 1180 1181 1182 
205 0 159 2 226 160 
206 0 1 161 162 164 
206 165 166 333 610 168 
206 167 169 170 171 611 
206 173 174 1183 1184 1185 
206 1186 1187 1188 
207 25 821 
208 161 661 662 663 664 
208 1189 176 664 1189 176 
208 177 178 216 762 
209 1190 1191 
210 0 159 
211 1192 1193 1194 1195 1196 
212 330 331 332 185 186 
212 187 188 189 190 189 
212 1197 1198 1199 
213 1200 1201 
214 1202 1203 1204 
215 1205 1206 1207 1208 1209 
215 1206 1210 1211 1210 1212 
215 1213 1208 1214 1215 1216 
215 1209 1206 1217 1218 
216 1219 1220 1221 
217 1222 1223 1224 1225 1226 
217 1227 1228 1229 1230 1231 1232 
218 1233 1234 1233 1234 1233 
218 1234 1233 1234 1233 1234 
218 1233 1234 1233 1234 1233 
218 1234 1233 1234 1233 1234 
218 1233 1234 1233 1234 1233 
218 1234 1233 1234 1233 1234 
218 1233 1233 1235 1233 1235 
218 1233 1235 1233 1235 1233 
218 1235 1233 1235 1233 1235 
218 1233 1235 1233 1235 1233 
218 1235 1233 1235 1233 1233 
218 1235 1233 1235 1233 1235 
218 1233 1235 1233 1235 1233 
218 1235 1233 1235 1233 1235 
218 1233 1235 1233 1235 1233 
218 1235 1233 1235 1233 1235 
218 1233 1235 1233 1235 1233 
218 1235 1233 1235 1233 1235 
218 1233 1235 1233 1235 1233 
218 1235 1233 1235 1233 1235 
218 1233 1235 1233 1235 1233 
218 1235 1233 1235 1233 1235 
218 1233 1235 1233 1235 1233 
218 1235 1233 1235 1233 1235 
218 1233 1235 1233 1235 1233 
218 1235 1233 1235 1233 1235 
218 1233 1235 1233 1235 1233 
218 1235 1233 1235 1233 1235 
218 1233 1235 1233 1235 1233 
218 1235 1233 1235 1233 1235 
218 1233 1235 1233 1235 1233 
218 1235 1233 1235 1233 1235 
218 1233 1235 1233 1235 1233 
218 1235 1233 1235 1233 1235 
218 1233 1235 1233 1235 1233 
218 1235 1233 1235 1233 1233 
218 1235 1233 1235 1233 1235 
218 1233 1233 1235 1233 1235 
218 1233 1235 1233 1235 1233 
218 1236 1237 1238 1239 1240 
218 1241 1242 1234 1243 1244 
219 1245 1246 1247 1246 1248 
219 1249 1250 1251 1250 1252 
220 1253 1254 1255 1256 1257 
220 1258 1259 1260 1261 1262 
220 1263 1264 1265 
221 1266 1267 1268 1269 1270 
221 1271 1272 
222 330 331 332 185 186 
222 187 188 189 190 191 
222 1007 192 1273 1274 1275 
222 1197 1276 1277 1278 1279 
222 1280 1281 1282 1283 1284 
222 1285 1286 1287 1288 1289 
222 193 194 195 196 197 
222 198 199 200 201 202 
222 1290 1291 203 204 205 
222 206 208 209 210 211 
222 212 213 214 1292 1293 
222 1294 1295 1296 1297 1298 
222 1299 1300 1301 1302 1303 
222 1304 1305 1306 1307 1308 
222 1309 1310 1311 1312 1313 
222 1314 1315 1316 1317 1318 
222 1319 1320 1321 1322 1323 
222 1324 1325 1326 1327 1328 
222 1329 1330 1087 1331 1332 
222 1333 1334 1335 1336 1337 
222 1338 1339 1340 1341 1342 
222 1343 1344 1345 1346 1347 
222 1348 1349 
223 1350 1351 1352 1353 1354 
223 1355 1354 1356 1357 
224 330 331 332 185 187 
224 189 190 191 1007 
225 1358 1359 1360 
226 1361 1362 1363 1364 1365 
226 1366 1367 
227 1368 1369 1370 
228 1371 1371 1115 1112 1113 
228 1114 1115 1116 1117 1118 
229 1372 1373 1374 1375 1376 
230 1377 1378 1379 1380 1378 
230 1381 1382 1377 1383 1384 1385 
231 1386 1387 1388 1389 1390 
231 1391 1392 1393 1394 1395 
231 1396 1397 1398 1399 
232 1400 1401 1402 
233 1403 1404 1405 1406 1407 
233 1408 1409 1410 1411 1412 1413 
234 1414 1415 1416 1417 1418 
234 1416 1415 1419 
235 1420 1421 1422 1423 1424 1425 
236 169 361 
237 25 103 
238 1426 1427 
239 25 94 1428 1429 
240 1430 1431 
241 25 94 46 105 110 
241 109 111 104 112 113 
241 114 119 120 121 122 
241 123 124 125 126 127 
241 445 446 447 128 
242 1432 1433 1434 1435 
243 1436 1437 
244 161 162 163 164 165 
244 165 334 610 168 169 
244 361 170 171 362 172 
244 362 611 171 170 173 
244 174 1183 1438 174 176 
244 177 178 216 179 180 
244 1439 1440 1441 1442 181 
244 182 1443 
245 1444 1445 
246 0 159 3 161 162 
246 165 166 333 334 610 
246 168 167 169 361 172 
246 611 173 174 175 1183 
246 1438 176 177 178 216 
246 762 179 1439 1441 1442 
246 181 182 1443 1446 764 
246 1447 662 663 184 1448 1449 
247 1450 1451 1452 1453 1454 
247 1455 1454 
248 1456 1457 
249 1458 1459 1460 1461 1462 
249 1463 1464 1465 1466 1467 
249 1468 1469 1470 1471 1472 
249 1473 1474 1475 1476 1361 
249 1362 1363 1364 1365 1366 
249 1367 1477 1478 1479 1480 
249 1481 1482 1480 
250 1483 1484 1485 
251 1486 1487 
252 1488 1489 1490 
253 1491 1492 1493 
254 1494 1495 1496 1497 1498 
254 1499 1500 1501 1502 1503 
254 1504 1505 1506 1507 1508 
255 1509 1510 1511 1512 1509 
255 1513 1514 1515 
256 1516 1517 
257 1518 1519 
258 1520 1521 
259 1522 1523 
260 3 161 162 164 1524 1525 
261 1526 1527 1526 1528 1529 
261 1530 1531 1530 1532 1533 
261 1534 1535 1536 1537 1538 
261 1539 1538 1539 1538 1539 
261 1538 1539 1538 1539 1538 
261 1539 1538 1539 1538 1539 
261 1538 1539 1538 1539 1538 
261 1539 1538 1539 1538 1539 
261 1538 1539 1538 1539 1538 
261 1539 1538 1539 1538 1539 
261 1538 1539 1538 1539 1538 
261 1539 1538 1539 1538 1539 
261 1538 1539 1538 1539 1538 
261 1539 1538 1539 1538 1539 
261 1538 1539 1538 1539 1538 
261 1539 1538 1539 1538 1539 
261 1538 1539 1538 1539 1538 
261 1539 1538 1539 1540 1538 
261 1540 1538 1540 1538 1540 
261 1538 1540 1538 1540 1538 
261 1540 1538 1540 1538 1540 
261 1538 1540 1538 1540 1538 
261 1540 1538 1540 1538 1540 
261 1538 1540 1538 1540 1538 
261 1540 1538 1540 1538 1540 
261 1538 1540 1538 1540 1538 
261 1540 1541 1540 1541 1540 
261 1541 1540 1541 1540 1541 
261 1540 1541 1540 1541 1540 
261 1541 1540 1541 1540 1541 
261 1540 1541 1540 1541 1540 
261 1541 1540 1541 1540 1541 
261 1540 1541 1540 1541 1540 
261 1541 1540 1541 1540 1541 
261 1540 1541 1540 1541 1540 
261 1541 1540 1541 1540 1541 
261 1540 1541 1540 1541 1540 
261 1541 1540 1541 1540 1541 
261 1540 1541 1540 1541 1540 
261 1541 1540 1541 1540 1541 
261 1540 1541 1540 1541 1540 
261 1541 1540 1541 1540 1541 
261 1540 1541 1540 1541 1540 
261 1541 1540 1541 1540 1541 
261 1540 1541 1540 1541 1540 
261 1541 1540 1541 1540 1541 
261 1540 1541 1540 1541 1540 
261 1541 1540 1541 1540 1541 
261 1540 1541 1540 1541 1540 
261 1541 1540 1541 1540 1541 
261 1540 1541 1540 1541 1540 
261 1541 1540 1541 1540 1542 
261 1540 1542 1543 1542 1543 
261 1542 1543 1542 1543 1542 
261 1543 1542 1543 1542 1543 
261 1542 1543 1542 1543 1542 
261 1543 1542 1543 1542 1543 
261 1542 1543 1542 1543 1542 
261 1543 1542 1543 1542 1543 
261 1542 1543 1542 1543 1542 
261 1543 1542 1543 1542 1543 
261 1542 1543 1542 1543 1542 
261 1543 1542 1543 1542 1543 
261 1542 1543 1542 1543 1542 
261 1543 1542 1543 1542 1543 
261 1542 1543 1542 1543 1542 
261 1543 1542 1543 1542 1543 
261 1542 1543 1542 1543 1542 
261 1543 1542 1543 1542 1543 
261 1542 1543 1542 1543 1542 
261 1543 1542 1543 1542 1543 
261 1542 1543 1542 1543 1542 
261 1543 1542 1543 1542 1543 
261 1542 1543 1542 1543 1542 
261 1543 1542 1543 1542 1543 
261 1542 1543 1542 1543 1542 
261 1543 1542 1543 1544 1543 
261 1544 1543 1544 1543 1544 
261 1543 1544 1543 1544 1543 
261 1544 1543 1544 1543 1544 
261 1543 1544 1543 1544 1543 
261 1544 1543 1544 1543 1544 
261 1543 1544 1543 1544 1543 
261 1544 1543 1544 1545 1544 
261 1545 1544 1545 1544 1545 
261 1544 1545 1544 1545 1544 
261 1545 1544 1545 1544 1545 
261 1544 1545 1544 1545 1544 
261 1545 1544 1545 1544 1545 
261 1544 1545 1544 1545 1544 
261 1545 1544 1545 1544 1545 
261 1544 1545 1544 1545 1544 
261 1545 1544 1545 1544 1545 
261 1544 1545 1544 1545 1544 
261 1545 1544 1545 1544 1545 
261 1544 1545 1544 1545 1544 
261 1545 1544 1545 1544 1545 
261 1544 1545 1544 1545 1544 
261 1545 1544 1545 1544 1545 
261 1544 1545 1544 1545 1544 
261 1545 1544 1545 1544 1545 
261 1544 1545 1544 1545 1544 
261 1545 1544 1545 1544 1545 
261 1544 1545 1544 1545 1544 
261 1545 1544 1545 1544 1545 
261 1544 1545 1544 1545 1544 
261 1545 1544 1545 1544 1545 
261 1544 1545 1544 1545 1544 
261 1545 1544 1545 1544 1545 
261 1544 1545 1544 1545 1544 
261 1545 1544 1545 1544 1545 
261 1544 1545 1544 1545 1544 
261 1545 1544 1545 1544 1545 
261 1544 1545 1544 1545 1544 
261 1545 1544 1545 1544 1545 
261 1544 1545 1544 1545 1544 
261 1545 1546 1545 1546 1545 
261 1546 1545 1546 1545 1546 
261 1545 1546 1545 1546 1545 
261 1546 1545 1546 1545 1546 
261 1545 1546 1545 1546 1545 
261 1546 1545 1546 1545 1546 
261 1545 1546 1545 1546 1545 
261 1546 1545 1546 1545 1546 
261 1545 1546 1545 1546 1545 
261 1546 1545 1546 1545 1546 
261 1545 1546 1545 1546 1545 
261 1546 1545 1546 1545 1546 
261 1545 1546 1545 1546 1545 
261 1546 1545 1546 1547 1546 
261 1548 1549 1543 1547 1550 
261 1551 1550 1551 1550 1551 
261 1550 1551 1550 1551 1550 
261 1551 1550 1551 1550 1551 
261 1550 1551 1550 1551 1550 
261 1551 1550 1551 1550 1551 
261 1550 1551 1550 1551 1550 
261 1551 1550 1551 1550 1551 
261 1550 1551 1550 1551 1550 
261 1551 1552 1551 1552 1551 
261 1552 1551 1552 1551 1552 
261 1551 1552 1551 1552 1551 
261 1552 1551 1552 1551 1552 
261 1551 1552 1551 1552 1551 
261 1552 1551 1552 1551 1552 
261 1551 1552 1551 1552 1551 
261 1552 1551 1552 1551 1552 
261 1551 1552 1551 1552 1551 
261 1552 1551 1552 1551 1552 
261 1551 1552 1551 1552 1551 
261 1552 1551 1552 1551 1552 
261 1551 1552 1551 1552 1551 
261 1552 1551 1552 1551 1552 
261 1551 1552 1551 1552 1551 
261 1552 1551 1552 1553 1552 
261 1553 1552 1553 1552 1553 
261 1552 1553 1552 1553 1552 
261 1553 1552 1553 1552 1553 
261 1552 1553 1552 1553 1552 
261 1553 1552 1553 1552 1553 
261 1552 1553 1552 1553 1552 
261 1553 1552 1553 1552 1553 
261 1552 1553 1552 1553 1552 
261 1553 1552 1553 1552 1553 
261 1552 1553 1552 1554 1555 
261 1554 1555 1554 1556 1555 
261 1556 1555 1556 1555 1556 
261 1555 1556 1555 1556 1555 
261 1556 1555 1556 1555 1556 
261 1555 1556 1555 
262 25 29 96 97 31 
262 32 34 103 37 39 
262 41 43 107 97 114 
262 117 97 
263 25 121 124 125 126 127 
264 0 159 1 2 
265 661 1557 
266 1558 1559 1560 1561 1559 
266 1562 1563 
267 1564 1565 1566 1567 1568 1569 
268 1570 1571 1572 1573 1574 
269 0 159 0 159 1 
269 2 226 160 3 0 
269 159 1 2 226 160 
269 3 161 
270 1575 1576 
271 1577 1578 1579 1580 
272 0 159 1 2 226 
272 160 3 173 174 175 
272 1438 176 177 178 216 
273 1581 1582 1583 278 279 
273 1584 1585 1586 
274 1587 1588 1589 1590 1591 1592 
275 1593 1594 1595 
276 25 26 27 94 29 
276 95 96 97 28 98 102 
277 1596 1597 1598 1599 1597 
277 1600 1601 1602 1603 1601 
277 1604 1602 1601 1604 1605 
277 1606 1607 
278 1608 1609 1610 1611 1612 
278 1613 1614 1615 1616 1617 
278 1618 1619 1620 1621 1622 
279 25 26 27 94 29 
279 95 96 98 1623 1624 1625 
280 1626 1627 1628 1629 
281 1630 1631 1632 1630 1633 
281 1634 1633 1635 1636 1637 
282 1638 1639 1640 1641 1642 
282 1643 1644 1645 1646 
283 1647 1648 
284 41 111 114 126 56 
284 57 58 70 
285 1200 1649 1650 
286 1651 1652 1653 1654 1651 1655 
287 1472 1473 1474 1475 1476 
287 1361 1362 1363 1364 1365 
287 1366 1367 1477 1478 1479 
287 1656 1657 1658 1659 1660 
287 1661 1662 1663 1664 1665 
287 1666 1667 1668 1669 1670 
287 1671 1672 1673 1674 1466 
287 1465 1467 1468 1469 1470 1675 
288 1676 1677 413 
289 1140 1141 1678 1679 1680 
290 226 162 171 362 611 
290 178 216 
291 1681 1569 1682 1683 
292 1684 1685 1686 1687 1688 
292 1689 1690 1691 1692 
293 1693 1694 1693 1695 1696 
294 1697 1698 1699 1700 1701 
294 1702 1703 1704 1683 1705 
294 1706 1707 1708 1709 1710 
294 1711 1712 1713 1714 
295 1715 1716 1717 1566 1567 
296 1697 1718 
297 0 159 
298 1719 1720 1721 1722 1723 
299 1724 1725 1726 1727 1728 
300 1729 1730 1731 
301 1732 1733 
302 25 26 27 95 96 
302 97 28 99 30 31 
302 100 101 102 32 33 
302 34 103 
303 1734 1735 1736 1737 1738 
303 1739 1740 1741 1742 1743 
303 1744 1745 1746 1747 1748 
303 1749 1750 1751 1752 
304 1753 1754 1755 1756 1757 
304 1758 1759 1760 1761 1762 
304 1763 1764 1765 1766 1767 
304 1768 1769 1770 1771 1772 
304 1773 1774 1775 1776 1777 
305 1778 1779 
306 221 1780 1781 1782 1783 1784 
307 1785 1786 1787 1788 1789 
308 1790 1791 1792 1793 
309 616 1794 
310 1795 1796 1795 1797 1798 1799 
311 1800 1801 
312 0 159 1 2 226 
312 0 159 
313 159 0 611 
314 661 1802 
315 1803 1804 
316 1805 1806 1807 1808 1809 
316 1810 1811 1812 1813 1814 1815 
317 0 1816 
318 1817 1818 
319 1819 1820 1821 1820 1821 
320 1822 1823 976 1824 1825 
320 1826 1827 1828 1829 
321 1830 1830 1831 1832 1831 
321 1833 1834 1835 
322 1836 1837 1838 1839 1840 
323 1841 1842 1843 
324 0 159 
325 3 161 162 
326 1844 1845 1846 
327 1847 1848 
328 1849 1850 1851 
329 1852 1853 1854 1855 1856 
329 1857 1858 1859 1860 1861 
329 1862 1863 1864 1865 1866 
329 1867 1868 1869 1870 1871 
330 1872 1873 
331 547 533 538 539 540 
331 1874 1875 
332 1876 1877 
333 1878 1879 1880 1881 1882 1883 
334 1200 1884 1885 1886 1887 1888 
335 1889 1890 
336 1285 330 1286 1287 1288 
336 1289 193 194 195 196 
336 197 198 330 199 200 
336 201 202 1290 1291 203 
336 204 205 206 207 208 
336 209 210 211 212 214 
336 1891 1293 1294 1295 1892 
336 1893 1894 1895 1896 1897 
336 1898 215 330 
337 1899 1900 1901 1902 1903 
337 1904 1905 1906 1907 1908 
337 1909 1910 
338 1911 1912 1913 1914 1915 
338 1916 1917 1918 1919 1920 
338 1921 1922 1923 1924 1925 
338 1926 1927 1928 1929 1930 
338 1931 1932 1933 1934 1935 
338 1936 1937 
339 1938 1939 1038 1940 1941 
339 1942 1942 1943 1944 1945 
339 1946 1947 1948 1949 1950 
339 1951 1952 1953 1954 
340 1955 1956 1957 
341 1958 1959 1960 1961 1962 
342 0 159 
343 1963 1964 
344 1965 1966 1967 1968 1969 1970 
345 1971 1972 1973 1974 
346 1975 1976 1830 1831 1977 1978 
347 1979 1980 1981 
348 25 28 99 30 102 
348 32 33 34 103 36 
348 38 40 41 42 43 
348 44 46 48 106 341 
348 342 110 109 
349 1982 1983 1984 1985 1983 1986 
350 1987 1988 1989 1990 
351 1991 1992 1993 1994 
352 0 159 226 160 3 
352 162 163 164 161 164 
352 165 166 333 334 610 
352 168 167 169 361 0 
352 159 1 160 3 162 
352 163 165 
353 1995 1996 1997 
354 1998 1999 2000 2001 2002 
354 2003 2004 2005 2006 2007 
354 2008 2009 2010 2011 2012 
354 2013 522 2014 521 2015 
354 2016 2017 2018 2017 
355 761 2019 2020 
356 25 27 94 29 96 
356 97 28 98 99 28 
357 2021 2022 2023 
358 2024 2025 2026 
359 2027 2028 2029 2030 2031 
359 2032 2033 
360 483 482 483 2034 
361 0 159 2035 2036 2037 
361 2038 2039 
362 2040 2041 2042 2043 
363 1 2 3 
364 2044 2045 2046 2047 2048 
364 2049 2050 2051 2052 2053 
364 2054 2055 2056 
365 2057 2058 2059 2060 2061 
365 2057 2058 2059 2062 2063 
365 2064 2063 
366 25 26 25 26 
367 856 857 858 859 861 
367 1033 1034 1035 1036 1036 
367 860 2065 1126 1127 1128 
367 1129 1130 1582 2066 276 
367 2067 2068 2069 2070 2068 
367 2071 2072 
368 2073 2074 2075 2076 2077 
369 2078 2079 
370 2080 2081 
371 2082 2083 2084 2085 2086 
372 2087 2088 2089 2090 2091 
372 2092 2093 
373 2094 2095 2096 2097 2098 
373 2099 2100 2101 2100 2101 
373 2100 2101 2102 2045 2047 
373 2103 2104 2105 2051 2052 
373 2053 2103 2104 2106 2100 
373 2107 2108 2109 2108 2110 
373 2111 2112 2113 2114 2115 
373 2116 2117 2118 2119 2099 
373 2100 2101 2120 2110 2121 
373 2122 307 1111 2047 2111 
373 2123 2124 
374 2125 2126 2127 2128 2129 
374 2126 2130 2131 2132 2133 
374 2134 2135 2136 2137 2138 
374 2139 2140 2141 2142 
375 149 2143 2144 2145 2146 2147 
376 1855 1856 1857 2148 2149 
376 1858 2150 2151 2152 2130 
376 2131 2132 2133 2153 2154 
376 2155 2156 2157 2158 2159 
376 2160 2161 2162 2163 2164 2165 
377 2166 2167 1985 2168 
378 2169 2170 
379 2171 1649 2172 1650 2173 2174 
380 2175 2176 2177 2178 2179 
380 2180 2181 2182 2183 2184 
381 2185 268 2186 
382 2187 2188 2189 2190 2191 
382 2192 2193 
383 25 28 34 27 28 
384 2194 2195 2196 2197 2198 
384 2199 2200 2201 2202 2203 2204 
385 25 26 27 94 29 
385 95 96 0 
386 25 26 27 94 29 
386 95 96 97 96 95 
386 28 29 98 99 30 
386 99 31 100 101 102 
386 33 34 103 35 36 
386 37 38 39 40 41 
386 44 43 44 45 46 
386 105 47 48 49 99 
386 50 106 107 106 341 
386 342 108 110 104 110 
386 104 110 112 342 444 
386 113 444 114 116 119 
386 116 119 116 342 116 
386 342 117 342 109 117 
386 120 122 124 125 126 
386 445 127 446 447 128 
386 129 119 120 121 122 
386 123 124 126 127 445 
386 52 53 54 55 372 
386 448 449 51 56 57 
386 61 583 727 584 585 
386 586 728 587 588 62 
386 343 152 344 64 65 
386 589 64 65 446 447 
386 128 129 372 51 52 
386 51 66 590 591 68 69 
387 2205 2206 2207 
388 2208 2209 
389 1177 2210 1179 1180 2211 
389 1180 2212 2213 2214 2215 
389 2216 2217 2218 2219 2220 
389 2221 2222 478 
390 2223 2224 2225 2226 2227 
390 2226 2227 2226 2227 2226 
390 2227 2226 2227 2228 
391 2229 2230 2230 2231 2231 
391 2232 2233 1313 1314 2234 2235 
392 2236 2237 
393 28 41 
394 1036 1128 1129 1130 2238 
395 2239 2240 2241 2242 2239 
395 2240 2243 2244 2245 2246 2247 
396 2248 2249 2250 2251 2252 
396 2252 2253 2254 2255 2256 
396 2255 2257 2258 2259 
397 2260 2261 2262 2263 2264 2265 
398 1 226 160 3 161 
398 163 164 165 
399 2266 2267 2268 940 2269 
399 2270 2271 2272 2273 2274 
399 2275 2276 2277 
400 2278 2279 2280 2281 2282 
400 2279 2283 2279 2284 
401 498 499 
402 2285 2286 
403 2287 2288 
404 2289 2290 
405 2291 2292 2293 2294 
406 2295 472 2296 1166 1167 
406 145 475 476 146 2297 
406 2298 2299 
407 1116 1117 1118 
408 610 180 1446 
409 2300 2301 2302 2303 
410 149 150 
411 2304 2305 2306 2307 2308 
411 2309 2310 2311 2312 2313 
411 2314 2315 
412 0 181 2316 2317 2318 1795 
413 2319 2320 
414 25 94 28 98 34 
415 2321 2322 2323 2324 2325 2326 
416 2327 2328 
417 2329 2330 2331 2332 2333 
417 2334 2335 2336 2337 
418 118 119 120 
419 2338 2339 2340 2341 2342 
420 2343 2344 2345 
421 2346 2347 2348 2349 2350 
422 2351 2352 
423 2104 2105 2052 2111 2123 
424 2353 2354 2355 2356 2357 
425 2358 2359 2360 2361 
426 166 333 166 334 610 
426 168 167 170 362 172 
426 611 173 174 175 762 
426 661 181 182 1447 2362 1189 
427 2363 2364 
428 2365 1662 1664 1665 1666 
428 1665 1667 1668 2366 1659 
428 1660 1661 1662 1666 1669 
428 1670 1671 1478 1479 1480 
429 2367 2368 2369 2370 2371 2372 
430 1481 2373 1480 2374 1480 
430 2375 1480 
431 0 159 
432 25 0 159 
433 2376 2377 
434 2378 2379 2380 2381 2382 2383 
435 2384 2385 
436 2386 2387 
437 2388 2389 
438 2390 2391 2392 
439 2166 2393 2394 2395 2396 
439 2168 2397 2398 2399 2400 
439 2401 2402 2403 2404 
440 0 162 163 164 165 
440 166 333 334 610 168 167 
441 25 26 94 28 99 
441 30 31 101 102 32 
441 33 34 103 35 36 
441 37 38 39 40 43 
441 44 45 47 50 106 
441 107 341 342 108 110 
441 109 111 104 112 444 
441 113 114 115 116 45 
441 116 117 120 125 126 
441 127 2405 2406 2407 2408 
441 2409 2410 2411 2412 
442 25 26 
443 2413 2414 2415 
444 2416 2417 2418 2419 2420 
445 2421 2422 2423 2424 2425 2426 
446 25 2427 2428 
447 2429 2430 2431 2432 2433 
447 2434 2435 2436 2437 2438 2439 
448 2440 2441 2442 653 2443 
448 654 655 2444 2445 
449 2446 2447 2447 2448 2449 
449 2450 2451 2452 2453 2454 
449 2455 2456 2453 2457 
450 2458 2459 2460 2461 2462 
450 2463 2464 2465 2466 2467 
450 2468 337 2464 2469 2470 
450 2471 2472 
451 653 2443 2473 
452 118 119 120 121 122 
452 61 583 727 585 586 
452 728 152 344 64 65 51 
453 2474 2475 2476 2477 2478 
453 2478 2479 2480 2481 2482 
454 2483 2484 2485 
455 2486 2487 2446 2447 2448 
456 0 159 1 2 226 
456 160 3 161 162 361 
456 170 171 362 172 611 
456 173 174 175 1183 1438 
456 176 177 178 216 762 
456 179 180 1440 180 1441 
456 180 1442 181 182 1443 
456 1446 764 1447 2362 661 
456 662 663 664 1189 183 
456 184 183 1448 1449 
457 2488 2489 2490 2491 2492 2493 
458 0 159 1 2 160 3 
459 0 159 1 2 
460 1085 152 344 64 65 
461 2494 2495 2496 2497 
462 2024 2498 
463 2499 2500 2314 2315 2500 
463 2314 2315 
464 28 43 34 25 
465 2501 2289 2502 
466 2503 2504 2505 2506 2507 
467 25 94 29 111 119 
467 123 125 126 446 447 
467 123 124 109 125 126 
467 127 445 446 447 128 
467 129 372 448 449 52 
467 53 54 55 56 57 
467 58 583 585 586 728 
467 587 588 63 343 152 
467 64 67 68 69 71 
468 1 2 226 160 3 
468 161 165 334 333 334 
468 333 168 169 762 180 
468 182 1443 1446 1449 184 
468 1442 181 1944 2508 2509 
468 2510 2511 2512 2513 2513 
468 2513 1947 2513 1947 2513 
468 1947 2513 1947 2513 1947 
468 2513 1947 2513 1947 2513 
468 1947 2513 1947 2513 1947 
468 2513 1947 2513 1947 2513 
468 1947 2513 1947 2513 1947 
468 2513 1947 2513 1947 2513 
468 1947 2513 1947 2513 1947 
468 2513 1947 2513 1947 2513 
468 1947 2513 1947 2513 1947 
468 2513 1947 2513 1947 2513 
468 1947 2513 1947 2513 1947 
468 2513 1947 2513 1947 2513 
468 1947 2513 1947 2513 1947 
468 2513 1947 2513 1947 2513 
468 1947 2513 1947 2513 1947 
468 2513 1947 2513 1947 2513 
468 1947 2513 1947 2513 1947 
468 2513 1947 2513 1947 2513 
468 1947 2513 1947 2513 1947 
468 2513 1947 2513 1947 2513 
468 1947 2513 1947 2513 1947 
468 2513 1947 2513 1947 2513 
468 1947 2513 1947 2513 1947 
468 2513 1947 2513 1947 2513 
468 1947 2513 1947 2513 1947 
468 2513 1947 2513 1947 2513 
468 1947 2513 1947 2513 1947 
468 2513 1947 2513 1947 2513 
468 1947 2513 1947 2513 1947 
468 2513 1947 2513 1947 2513 
468 1947 2513 1947 2513 1947 
468 2513 1947 2513 1947 2513 
468 1947 2513 1947 2513 1947 
468 2513 1947 2513 1947 2513 
468 1947 2513 1947 2513 1947 
468 2513 1947 2513 1947 2513 
468 1947 2513 1947 2513 1947 
468 2513 1947 2513 1947 2514 
468 1947 2514 1947 2514 1947 
468 1949 1949 2318 1949 1949 
468 2318 1949 2318 1949 2318 
468 1949 2318 1949 2318 1949 
468 2318 1949 2515 1949 2515 
468 1949 2515 1949 2515 1949 
468 2515 1949 2516 1949 2516 
468 1949 2516 1949 2517 1949 
468 2517 1949 2518 1949 2518 
468 1949 2518 1949 2518 1950 
468 2519 1950 2519 1950 2519 
468 1950 2519 1950 1951 1951 
468 1951 2519 1951 2519 1951 
468 2519 1951 2519 1951 2519 
468 1951 1802 1951 1802 1951 
468 1802 1951 2520 1951 2520 
468 1951 1040 2521 1191 
469 2522 1539 1540 1530 1532 
470 2523 2524 2525 2526 2527 
470 2528 2529 2530 2531 2532 
470 2533 1550 1556 2534 2535 2536 
471 2537 2538 2539 2540 2541 
471 2542 2543 2544 2545 2546 
471 2090 2547 2548 
472 2549 2550 2551 
473 2552 2553 2554 
474 2555 2556 2557 2164 2558 
474 2559 2560 1854 2559 1858 
474 1859 2561 
475 2562 2563 2562 2564 2565 
476 2566 2567 2568 2569 2570 
476 2571 2572 2573 2574 2575 
476 2576 2577 2576 2578 2579 
476 2580 2581 2582 2583 2584 2585 
477 2586 2587 1911 1912 2588 
477 2589 2590 2591 2592 2593 
477 2594 2595 2596 2597 2598 2599 
478 2600 2601 2602 
479 2603 2604 2605 2606 
480 0 159 1 
481 2607 2608 2609 2610 2611 
481 2612 2613 2614 2615 2616 
481 2617 2618 2619 2620 2621 
482 2549 2550 2622 
483 25 26 27 94 95 96 
484 2623 2624 2625 2626 
485 25 26 27 94 29 
485 96 97 28 
486 2627 2628 2629 2630 
487 2631 2632 2633 2634 2635 
487 2636 2637 2638 2238 2639 
487 2640 2641 2642 2643 2644 
487 2645 552 2646 2647 2648 
487 2649 2650 2651 548 549 
487 550 551 2652 553 554 
487 2653 2654 2655 2656 2657 
487 2658 2659 555 556 557 
487 2660 1156 2661 
488 2662 2663 2664 2665 
489 2666 2667 2668 2669 
490 2670 2671 2672 2673 2674 
491 25 26 27 94 29 
492 25 26 27 94 29 
492 96 97 28 
493 1680 2675 2676 2677 2678 
493 2679 2680 2681 2682 2683 
493 2684 2685 2686 1142 1143 
493 2687 2688 
494 2549 2550 
495 27 94 
496 2689 2690 2691 2692 2693 
496 2694 2695 
497 2696 2697 
498 0 1 226 160 
499 2698 1639 2699 2700 2701 
499 2702 1639 2703 2268 
500 25 27 96 97 28 
500 98 99 31 100 101 
500 102 35 36 40 41 
500 46 47 49 106 341 
500 342 111 104 112 112 
500 444 115 118 119 120 
500 121 122 123 124 125 126 
501 2704 2705 
502 2706 2707 2708 2709 
503 2710 2711 2712 2713 2712 
503 2714 2715 2716 2717 2718 
503 2719 2720 2719 2720 2721 
503 2722 2723 2724 2725 2726 2727 
504 2728 2729 
505 2730 1492 
506 2731 2732 2733 2734 2735 
506 2736 2737 2738 2739 2740 
506 2741 2742 2743 2742 2743 
506 2744 2745 2746 2747 2748 
506 2749 2750 2751 2752 2753 
507 2728 2729 
508 0 159 1 226 161 
508 166 333 
509 2754 2755 2756 2757 
510 0 159 1 2 162 
510 164 165 162 161 159 1 
511 2065 1126 1130 1131 1132 
511 2758 1133 1134 1135 1136 
511 1137 1138 2759 1139 1139 
511 1140 1141 2760 
512 119 120 121 124 125 
512 126 127 445 447 128 
512 129 450 51 52 53 
512 2761 2762 2763 2764 2765 2766 
513 2767 2768 
514 1036 1035 1036 2065 1126 
514 1133 1139 1140 1141 2679 
514 2769 1142 
515 2770 2771 
516 1134 1135 1136 1137 
517 2772 2773 2774 2775 2776 
517 2777 2778 1420 1424 1425 
517 2779 2780 2781 
518 2782 2783 2784 
519 2785 2786 2787 
520 2788 2789 2790 2791 2792 
520 2793 2794 2795 2796 2797 
520 2798 2799 2789 2800 2799 
520 2801 2802 2631 2802 2803 
520 2804 2805 2806 2804 
521 2807 2808 2809 2807 
522 1266 2810 2811 2812 2813 
522 2814 2815 2816 2817 1267 
522 1268 2818 217 2819 2820 
522 2821 2822 2823 2824 
523 2825 2826 2827 
524 2828 2829 2830 2831 2832 
524 2833 2834 2835 2836 2837 
524 2838 2839 
525 2840 2841 2842 2843 2844 
525 2845 2846 2847 2848 
526 2849 2850 2851 2852 2853 
527 2854 2855 
528 2856 2857 
529 2858 2859 2860 2861 2862 
529 2863 2864 2865 2866 2867 
529 2868 2869 
530 2870 2871 2872 2873 2874 
530 2875 2876 2877 2878 2879 
530 2880 2881 2882 2883 2884 
530 2885 2886 2887 2888 2889 
530 2890 2891 2892 2893 2894 
530 2895 2896 2895 2896 2897 
530 2898 2899 2900 2901 2902 
530 2903 2904 2905 2906 2907 
530 2908 2909 2910 2911 2912 
530 2913 2914 2915 2916 2917 
530 2918 2919 2920 2921 2922 
530 2923 2924 2925 2926 
531 25 98 99 30 31 
531 100 101 102 32 103 
531 35 36 40 43 46 
531 100 47 48 49 107 
531 109 112 444 116 117 
531 344 113 106 122 2927 2928 
532 1033 1034 
533 2929 2930 2931 
534 25 26 98 99 31 
534 100 101 
535 2932 2933 
536 25 583 68 
537 2934 2935 2936 2937 
538 0 226 
539 2938 2939 
540 2940 2941 2942 
541 25 99 
542 2943 2944 2945 
543 1 160 3 161 2946 
543 2947 2946 2948 2949 
544 1803 2950 
545 2767 2768 2951 2952 2953 
545 2785 2954 
546 2115 2955 2956 2096 
547 2957 2958 2959 2960 2961 
547 2960 2961 2962 2963 2964 
547 2965 2966 2967 2964 2966 
547 2968 2969 2970 2971 2972 
547 2973 2974 2975 
548 2976 2977 
549 2978 2979 2370 2371 
550 25 94 95 34 
551 2980 2981 2982 2983 
552 330 331 
553 485 2984 
554 2985 2443 654 2986 
555 2987 2988 2989 2990 2991 
555 2992 2993 2994 2995 2996 
555 2997 2998 2993 
556 0 159 1 226 
557 2999 3000 3001 3002 
558 3003 3004 3005 
559 159 3 161 162 163 
559 164 165 164 333 334 
559 168 169 170 172 171 
559 173 174 1183 1438 174 
559 176 178 216 179 180 
559 1440 1442 180 181 182 
559 1443 181 182 1443 182 1443 
560 3006 3007 3008 3009 3010 
560 3011 3012 3013 3014 3015 
560 3016 3017 3018 3019 3020 
560 3021 3022 3023 3024 3025 
560 3026 3027 
561 3028 3029 3030 3031 3032 
561 3033 3034 3035 3036 3037 
561 3038 3039 3040 3041 3042 
561 3043 3044 3045 3046 3047 3048 
562 3049 3050 3051 3052 3053 
562 3054 3055 3056 3057 3058 
562 3059 3060 3061 3062 3063 
562 3064 3065 3066 3067 3068 
562 3069 3070 3071 
563 0 159 
564 0 159 1 160 3 
564 161 162 163 164 334 
564 610 168 167 169 361 
564 170 171 362 172 611 
564 173 174 175 1183 1438 
564 176 177 178 216 762 
564 179 180 1439 1440 1441 
564 1442 181 1446 764 1447 
564 661 664 1189 183 184 
564 1448 1449 
565 25 26 27 94 29 
565 95 96 97 98 30 100 
566 330 331 332 331 332 
566 185 185 186 187 188 
566 189 190 1281 1282 1283 
566 1284 1285 
567 3072 3073 3074 3075 3076 
568 0 159 2 
569 3077 259 3078 256 257 
569 3079 3080 3081 
570 3082 3083 1140 1141 3084 
570 3085 3086 3087 3088 286 
570 3088 286 3089 3090 3091 
570 2072 2072 1149 3092 3093 
571 3094 3095 3096 
572 1020 1021 
573 25 26 27 29 95 
574 178 177 
575 0 159 1 162 164 
575 165 166 333 
576 2628 2629 3097 3098 3099 
576 3100 3101 3102 3103 
577 3104 3105 3106 3107 3108 3109 
578 3110 3111 3112 3113 
579 3114 3115 3116 1840 3117 
579 3118 3119 
580 3120 3121 3122 3123 3124 
580 3125 3126 3127 
581 3128 3129 3130 3131 3132 
581 3133 3134 3135 
582 279 3136 3137 3138 3139 
582 3140 3141 3142 3143 3144 
583 3145 3146 3147 3146 3148 
583 3149 3150 3151 3152 
584 26 27 94 29 96 
584 97 28 98 28 99 
584 30 31 100 101 102 
584 28 32 33 
585 3153 3154 3155 3156 3157 
585 3158 3159 3160 3161 3162 
585 3163 3164 456 457 458 
585 459 460 461 3165 3166 
585 3167 3168 3169 3170 3171 
585 3172 3173 3174 3175 3176 
585 3177 3178 3179 3180 3181 
585 3182 3183 3184 3185 3186 
585 3187 3188 3189 3190 3191 
585 3192 3193 3192 3193 3194 
585 3195 3196 3197 3198 3199 
585 3200 3201 3202 3203 3204 
585 3205 3206 3207 3208 3209 
585 2926 2875 2877 2879 2880 
585 2881 3210 3211 3210 3211 
585 3212 3213 3214 3215 3216 
585 3217 3218 2882 3219 2883 
585 2886 2889 2894 
586 3220 3221 3222 
587 1665 1666 1665 1666 1667 
587 1668 1466 1362 1363 1364 
587 1365 1366 1367 1477 1478 
587 1479 1480 2366 3223 
588 2366 1482 
589 25 28 26 27 94 
589 3224 3225 
590 330 331 332 185 3226 
591 25 26 3227 2790 2791 
591 3228 3229 3230 3231 3232 
591 3233 3234 3235 2782 3236 
592 3237 3238 3239 3240 3241 
592 3242 3243 3244 3245 3246 
592 3247 3248 3249 
593 3250 3251 3250 3252 3253 
594 3254 3255 3256 3257 3258 
594 3259 3258 
595 3260 3261 3262 
596 3263 1718 3264 3265 3266 
596 3267 3268 3269 3270 3271 
596 1713 3272 3273 3274 3273 3275 
597 26 27 94 29 95 
597 96 97 28 98 99 
597 30 31 100 101 102 
597 32 33 43 34 103 
597 35 36 37 38 39 
597 40 41 43 106 44 
597 45 46 105 47 48 
597 49 50 446 
598 1063 1064 3276 3277 3278 
599 0 159 1 2 
600 1137 2759 1139 
601 0 161 160 3 161 
602 25 26 27 94 29 
602 95 96 97 28 98 
602 99 31 100 101 102 
602 32 583 0 159 1 
602 2 160 3 161 162 
602 163 164 
603 3279 3280 3281 3282 3283 
603 3284 3284 3285 3281 3286 
603 3287 3288 
604 0 159 2 226 160 
604 333 166 334 610 168 167 
605 3289 3290 3291 3292 
606 3293 2761 2762 3294 
607 1481 1480 1478 1479 2366 1481 
608 159 2 161 
609 3295 3296 
610 183 0 
611 3297 3298 3299 3300 3301 
611 3302 3303 3304 3305 3306 
611 3307 3308 3309 3310 3311 3312 
612 1656 1657 1656 3313 3314 
612 3315 3316 
613 1660 1661 1662 1665 1668 
613 1671 1672 2373 3317 468 
613 3318 3319 3320 
614 1656 1480 1459 3317 1670 
614 1675 1458 1459 1472 
615 1658 3321 2365 3322 3323 
615 3324 3223 3325 3326 3327 
615 2375 3328 3329 3313 1665 
615 1667 1668 1669 1670 1671 
615 1672 2373 3317 
616 1664 1665 1666 1667 1668 
616 1670 3318 3320 3330 3331 
616 3332 3333 3334 3335 3336 
616 3337 1675 1458 1460 1461 
616 3338 3339 3340 1462 1463 
616 1464 1673 1674 1466 1465 
616 1467 1468 1469 1470 1471 
616 1472 1473 1474 1475 1476 
616 1361 1362 1478 1481 1479 1477 
617 1656 3335 3334 2375 3334 
618 1658 3321 3341 2374 3342 
618 3322 3343 3344 3323 3324 
618 3223 3325 3327 3328 3329 
619 1480 470 3345 3346 
620 3337 1675 1458 1459 1460 
620 1461 3338 3339 3340 1462 
620 1463 1464 1463 1464 1673 
620 1674 1466 1480 2366 1671 
620 1465 1462 2366 1482 1481 
621 25 27 94 29 96 
621 97 28 39 40 39 
621 39 584 39 
622 645 3347 3348 
623 3349 3350 3351 3352 
624 3353 3354 3355 3356 3354 
624 3355 3357 
625 41 372 
626 3358 3359 3360 3361 3362 
626 3363 3364 3364 3365 3366 
626 3367 3368 3369 3370 3371 
627 176 177 178 762 
628 3372 3373 2173 3374 
629 3375 3376 3377 3378 3379 
629 3380 3381 3382 3383 3384 
629 3385 3386 
630 1591 1591 3387 2167 3388 
630 3389 1591 3387 3390 3391 
630 3392 3393 3394 3395 3396 
630 3397 3398 3399 3400 3401 
630 3402 3403 3404 3405 3404 
630 3404 3404 3404 3405 3404 
630 3405 3404 3405 3404 3405 
630 3404 3405 3404 3405 3404 
630 3405 3404 3405 3404 3405 
630 3404 3405 3404 3405 3404 
630 3405 3404 3405 3404 3405 
630 3404 3405 3404 3405 3404 
630 3405 3404 3405 3404 3405 
630 3404 3405 3404 3405 3404 
630 3405 3404 3405 3404 3405 
630 3404 3405 3404 3405 3404 
630 3405 3404 3405 3404 3405 
630 3404 3405 3404 3405 3404 
630 3405 3404 3405 3404 3405 
630 3404 3405 3404 3405 3404 
630 3405 3404 3405 3404 3405 
630 3406 3405 3406 3405 3406 
630 3405 3406 3405 3406 3405 
630 3406 3405 3406 3405 3406 
630 3405 3406 3405 3406 3405 
630 3406 3405 3406 3405 3406 
630 3405 3406 3405 3406 3405 
630 3406 3405 3406 3405 3406 
630 3405 3406 3405 3406 3405 
630 3406 3405 3406 3405 3406 
630 3405 3406 3405 3406 3407 
630 3408 3407 3408 3408 3407 
630 3408 3407 3408 3407 3408 
630 3407 3408 3407 3408 3407 
630 3408 3407 3408 3407 3408 
630 3407 3408 3407 3408 3407 
630 3408 3407 3408 3407 3408 
630 3407 3408 3407 3408 3407 
630 3408 3407 3408 3407 3408 
630 3407 3408 3407 3408 3407 
630 3408 3407 3408 3407 3408 
630 3407 3408 3407 3408 3407 
630 3408 3407 3408 3407 3408 
630 3407 3408 3407 3408 3407 
630 3408 3407 3408 3407 3409 
630 3407 3409 3407 3409 3407 
630 3409 3407 3409 3407 3409 
630 3407 3409 3407 3409 3407 
630 3409 3407 3409 3407 3409 
630 3407 3409 3407 3409 3407 
630 3409 3407 3409 3407 3409 
630 3407 3409 3407 3409 3407 
630 3409 3407 3409 3407 3409 
630 3407 3409 3407 3409 3407 
630 3409 3407 3409 3407 3409 
630 3407 3409 3407 3409 3407 
630 3409 3407 3409 3407 3410 
630 3407 3410 3407 3410 3407 
630 3410 3407 3410 3407 3410 
630 3407 3410 3407 3410 3407 
630 3410 3407 3410 3407 3410 
630 3407 3410 3407 3410 3407 
630 3410 3407 3410 3407 3410 
630 3407 3410 3407 3410 3407 
630 3411 3407 3411 3407 3411 
630 3407 3411 3407 3411 3407 
630 3411 3407 3412 3407 3412 
630 3407 3412 3407 3412 3407 
630 3412 3407 3412 3407 3412 
630 3407 3412 3413 3407 3413 
630 3407 3413 3407 3413 3407 
630 3413 3407 3413 3407 3413 
630 3407 3413 3407 3413 3407 
630 3413 3407 3413 3407 3413 
630 3407 3413 3407 3413 3407 
630 3413 3407 3413 3407 3413 
630 3407 3413 3407 3413 3407 
630 3413 3407 3413 3407 3413 
630 3407 3414 3407 3414 3407 
630 3414 3407 3414 3407 3414 
630 3407 3414 3407 3414 3407 
630 3414 3407 3414 3407 3414 
630 3407 3415 3407 3415 3407 
630 3415 3407 3415 3407 3415 
630 3407 3415 3416 3417 3418 
630 3419 3420 3421 3422 3423 
630 3424 3425 3426 3427 3428 
630 3429 3430 3431 3432 3433 
630 3434 3435 3436 3437 3438 
631 25 26 29 97 28 
631 98 99 31 100 101 
631 102 33 34 35 37 
631 38 39 41 43 47 
631 48 50 108 110 112 
631 116 117 118 120 
632 26 94 29 95 28 
632 98 99 30 31 33 
632 35 37 38 39 40 
632 41 44 45 105 47 
632 49 50 
633 0 216 762 1442 
634 25 26 27 94 29 
634 96 97 98 99 30 
634 31 100 102 32 34 
634 103 36 37 38 39 
634 43 48 50 107 341 
634 108 110 109 112 114 
634 119 120 123 124 126 
634 445 129 451 3439 3440 
634 3441 3442 3443 3444 3445 3446 
635 3447 3447 3448 3449 3450 
635 3451 3452 3453 3454 3452 
635 3455 3454 3455 
636 3456 3457 2494 3458 2495 
636 2496 2497 
637 2487 2446 2447 
638 3459 2029 3459 3460 3461 
638 2027 2028 3462 3463 3464 
638 2675 2676 3465 
639 3072 3073 3074 3075 3466 
639 3467 3003 3003 3004 3468 
639 3469 3470 3471 
640 1471 1472 1361 2366 1482 
640 1481 1657 1658 3341 1656 
640 3325 3326 3223 3327 2375 
640 3327 2375 3327 2375 3327 
640 2375 3327 
641 3472 3473 3474 3475 
642 25 26 
643 121 122 124 126 
644 3476 3477 3478 3479 3480 
645 3481 3482 2343 3483 2344 
645 3484 3405 3485 3486 3487 
645 3488 976 3489 3490 3491 
645 3492 3493 3494 3495 3496 
645 3497 3498 3499 630 3500 
645 3501 3501 3502 3503 3504 
645 1412 3505 3506 3507 3508 
645 3509 3510 3511 3512 3513 
646 3514 3515 3516 3517 3518 
646 3519 3520 3521 
647 3522 3523 
648 3524 3525 3524 3526 
649 159 0 159 1 2 
649 226 160 3 
650 3527 3528 3529 3530 149 
650 3531 3532 3533 3534 3535 
651 3536 3537 3538 2528 3539 
651 3540 3541 3542 3541 3543 
651 1526 1527 1528 3544 1529 
651 3545 3546 1534 1535 1536 
651 3547 2522 1539 1540 1543 
651 1545 1547 1555 1553 1551 
651 3548 3549 3550 3551 3552 
651 2529 2530 2531 2532 2533 
651 3553 3554 
652 44 120 
653 156 3555 3556 3557 
654 3558 3559 3560 3447 3561 
654 3558 3562 3563 3561 3564 
654 3560 3447 3559 3565 3566 
654 3567 3568 3569 3570 3571 
654 3572 3568 3573 3574 3575 
654 3576 3577 3578 3579 3580 
654 3581 3582 3448 3449 3450 
654 3583 3584 3585 
655 3586 3587 3588 3586 
656 0 159 1 2 226 
656 160 3 161 
657 31 100 101 102 33 
657 34 38 40 41 43 
657 44 47 48 49 107 
657 342 112 113 116 119 
657 120 122 123 124 155 
657 451 53 54 55 57 
657 58 59 61 584 585 
657 586 588 63 153 343 
657 344 64 65 589 66 
657 590 591 69 70 72 154 
658 25 26 27 94 29 
658 95 96 97 28 98 
658 99 30 31 100 101 
658 102 32 33 34 
659 3589 3590 
660 481 3591 3592 
661 3593 2852 3594 
662 3595 3596 
663 3597 3598 3599 974 
664 25 98 99 
665 47 48 49 50 106 
666 1701 1702 1564 3600 3601 
666 3602 3603 3604 
667 3605 3606 3607 
668 3608 3609 3610 3611 3610 
668 3611 3609 3612 3613 
669 3614 2415 3615 3616 3617 
669 3618 3619 3620 3621 
670 3622 3623 3624 3625 3626 3627 
671 0 159 1 
672 166 333 334 610 168 
672 167 169 361 170 171 
672 362 172 611 173 174 
672 175 1438 178 216 762 
673 2985 652 653 2443 655 
674 3552 1552 1554 1556 2534 
674 2535 2536 
675 226 1448 0 159 
676 1825 3628 3396 3397 3398 
676 3399 3400 3401 3402 3403 
676 3629 3630 3631 3632 3633 3634 
677 3635 3636 3637 3638 
678 3639 1089 3640 3641 3642 
678 3643 3644 3645 1220 
679 3646 3647 3648 3649 3647 
679 3650 3650 3648 3650 3650 
679 3650 3648 3651 
680 3652 3653 3654 
681 1192 1193 1194 1196 3655 
681 2767 3656 3657 3658 3659 3660 
682 99 1438 
683 3661 3662 3663 3664 3665 
683 3666 3667 3668 3669 3670 
683 3671 3672 3673 3674 3675 3676 
684 3677 3678 1428 3679 3680 
685 2443 655 3681 3682 
686 33 110 448 53 66 
687 161 162 164 165 166 
687 333 166 333 
688 3683 3684 
689 26 25 26 27 94 
689 29 95 96 97 28 
689 98 99 31 100 102 
689 32 34 
690 25 26 27 94 29 
690 3685 3686 3687 3688 3689 
690 3690 3691 
691 3692 3693 
692 3694 3467 
693 25 26 94 29 95 
693 96 97 28 98 99 
693 30 31 100 101 102 
693 32 33 34 
694 3695 3696 
695 1117 1118 2537 2538 3697 
695 2538 3697 2539 2540 
696 0 159 159 
697 3698 3699 
698 3700 3701 3702 3703 3704 
699 28 47 48 49 48 
699 50 49 106 46 107 
699 120 122 119 120 121 
699 123 124 123 
700 3281 3705 3706 
701 155 122 125 106 110 
701 104 446 54 56 57 
701 58 344 64 590 591 
701 68 72 
702 100 43 44 105 49 
702 106 107 341 342 108 
702 110 109 111 104 112 
702 444 113 114 115 116 
702 117 118 119 120 
703 1 2 160 161 163 
703 164 165 166 333 168 
703 167 169 361 362 611 
703 173 174 1438 177 216 
703 762 1439 1440 1441 1442 
703 182 1443 1446 764 1447 
703 2362 661 662 663 183 
703 184 1448 1449 25 
704 3707 3708 
705 3709 3470 3710 
706 2454 2455 
707 3711 2622 
708 0 159 1 2 226 
708 160 3 161 162 163 
708 164 165 
709 3712 3713 3714 3715 3716 
709 3717 3718 3719 3720 3721 
709 3722 3723 3724 3725 1916 
709 1917 275 
710 3072 3073 3074 3075 
711 3726 3727 
712 3728 3005 3729 3730 3731 
712 3466 3694 3468 3732 3005 
712 3729 3733 3734 3735 3736 
713 3731 3466 3737 3738 3739 3740 
714 3075 3076 3741 3742 3728 
714 3738 3739 
715 889 890 3743 3744 
716 3745 3746 
717 25 27 94 95 96 
717 97 44 98 25 99 
717 99 30 31 100 101 102 
718 0 159 3747 3748 3749 
718 3750 3751 3752 161 3753 3754 
719 3755 3756 3757 3758 
720 848 849 3759 3760 3761 
720 3762 3763 
721 3640 3764 3765 3766 3767 
721 3768 3769 3770 
722 2249 3771 3772 2254 3773 
722 3774 3775 3776 2255 3777 
722 3778 3777 2255 3779 3775 
723 3780 3781 3782 3783 3784 
723 3785 3786 
724 0 159 2 
725 3787 3788 
726 3789 3790 
727 983 3791 3792 3793 
728 2541 3794 3795 3796 3794 
728 3796 3795 3796 3797 3798 3799 
729 3800 3801 3802 3803 
730 3804 3805 
731 3806 3807 3808 3809 3810 
731 3811 3808 
732 3812 3813 3814 
733 3815 3500 
734 159 0 1 2 1 
734 2 1 2 1 226 
734 2 1 226 160 226 
734 1 2 160 1 226 
734 160 226 1 2 160 
734 226 1 3 2 160 
734 1 226 3 2 160 
734 1 226 3 2 160 
734 3 226 1 3 2 
734 160 226 1 3 2 
734 161 160 1 226 3 
734 161 2 160 1 226 
734 3 2 161 160 2 
734 161 160 1 226 162 
734 3 161 2 161 160 
734 226 1 226 162 3 
734 162 3 161 2 161 
734 2 1 226 162 3 
734 161 2 163 160 1 
734 226 3 162 161 2 
734 160 163 226 1 3 
734 162 164 160 163 1 
734 226 3 162 164 161 
734 163 160 1 226 3 
734 162 161 164 160 163 
734 226 3 162 161 164 
734 163 160 226 162 161 
734 164 163 160 162 3 
734 160 163 162 3 165 
734 164 161 160 163 166 
734 162 165 161 164 160 
734 163 166 3 162 165 
734 161 164 163 160 166 
734 3 162 165 161 164 
734 163 166 162 3 165 
734 164 161 163 166 162 
734 165 161 164 163 162 
734 165 164 161 163 166 
734 162 165 161 164 163 
734 166 165 333 164 163 
734 166 162 165 333 164 
734 163 334 166 162 333 
734 165 334 164 163 166 
734 162 165 333 164 334 
734 163 166 162 165 333 
734 334 164 163 166 162 
734 165 333 164 334 163 
734 166 162 333 165 334 
734 164 163 166 162 333 
734 165 164 334 166 162 
734 165 333 334 164 166 
734 162 165 333 334 164 
734 166 162 165 333 164 
734 334 166 162 165 333 
734 164 334 166 162 165 
734 333 164 334 166 162 
734 165 333 334 164 166 
734 162 333 165 164 334 
734 166 333 165 334 164 
734 166 162 165 164 334 
734 162 166 165 333 164 
734 334 166 162 333 165 
734 334 164 166 162 165 
734 333 334 164 166 162 
734 333 165 164 334 166 
734 162 165 333 334 164 
734 610 166 162 333 165 
734 334 164 610 166 162 
734 333 165 164 334 610 
734 166 162 333 168 165 
734 334 610 164 166 162 
734 165 333 168 334 610 
734 164 166 168 333 165 
734 168 165 333 334 610 
734 164 610 166 162 168 
734 333 165 164 334 610 
734 166 162 165 168 333 
734 334 610 164 166 165 
734 333 168 610 334 164 
734 166 165 168 333 610 
734 334 164 610 334 164 
734 166 168 333 165 334 
734 164 610 333 165 168 
734 164 334 610 165 333 
734 168 610 334 164 333 
734 168 165 334 164 610 
734 334 610 164 169 168 
734 165 333 164 610 334 
734 169 168 333 165 610 
734 334 164 169 168 165 
734 333 334 610 164 167 
734 169 333 165 168 610 
734 164 334 167 169 333 
734 165 168 610 334 164 
734 167 169 168 333 165 
734 168 333 164 334 610 
734 334 164 167 169 168 
734 165 333 165 168 610 
734 334 167 169 333 168 
734 165 334 610 167 169 
734 333 168 165 334 610 
734 167 169 168 165 333 
734 334 610 167 169 168 
734 333 165 610 334 167 
734 169 165 168 333 168 
734 165 333 610 334 167 
734 169 168 165 333 165 
734 168 610 334 167 169 
734 165 168 333 334 610 
734 167 169 165 333 168 
734 334 610 167 169 165 
734 333 168 610 167 169 
734 333 165 168 610 167 
734 169 168 165 333 610 
734 167 169 165 168 333 
734 610 167 169 333 165 
734 168 610 167 169 168 
734 333 165 167 169 165 
734 333 168 610 167 169 
734 168 333 165 610 167 
734 169 168 333 165 610 
734 167 169 168 165 333 
734 610 167 169 333 168 
734 165 610 167 169 165 
734 167 169 333 168 610 
734 167 169 168 333 165 
734 610 167 169 333 168 
734 165 610 167 169 333 
734 168 165 610 167 169 
734 333 168 165 610 167 
734 169 168 333 165 610 
734 167 169 168 333 165 
734 610 167 169 333 165 
734 168 610 167 169 165 
734 168 171 333 610 167 
734 169 171 333 165 168 
734 610 167 169 165 333 
734 168 171 610 167 169 
734 168 171 165 168 171 
734 333 165 333 610 167 
734 169 168 171 333 165 
734 610 167 169 168 165 
734 171 333 610 167 169 
734 165 168 610 167 169 
734 171 333 165 168 610 
734 167 169 165 171 168 
734 333 610 167 362 169 
734 333 165 171 168 610 
734 167 362 169 168 165 
734 171 333 610 171 610 
734 167 169 362 165 171 
734 333 168 171 333 168 
734 165 610 167 169 362 
734 171 333 165 168 610 
734 167 169 362 171 333 
734 165 168 610 167 169 
734 362 333 165 171 168 
734 610 167 362 169 333 
734 165 171 165 168 333 
734 168 167 169 362 169 
734 362 333 171 168 333 
734 171 168 165 167 362 
734 169 165 171 333 168 
734 165 167 169 362 165 
734 171 168 333 167 362 
734 169 165 171 333 168 
734 167 169 362 168 165 
734 171 333 167 169 362 
734 333 165 171 165 168 
734 171 167 362 169 362 
734 165 168 171 333 165 
734 171 333 168 167 362 
734 169 362 169 171 168 
734 165 333 165 168 167 
734 169 362 333 171 168 
734 167 362 169 171 167 
734 362 169 362 169 168 
734 333 171 168 333 171 
734 167 362 169 362 171 
734 168 171 333 167 362 
734 169 333 168 171 167 
734 169 362 333 168 171 
734 167 169 362 333 168 
734 171 167 362 169 333 
734 168 171 167 169 362 
734 171 333 168 167 362 
734 169 171 333 167 169 
734 362 333 171 167 169 
734 362 171 333 167 169 
734 362 171 333 167 362 
734 169 333 171 167 169 171 
735 3816 3817 3818 3819 3820 
736 3533 3821 3822 3823 3824 
736 3825 3826 
737 330 331 332 185 187 
737 188 189 191 1007 192 
737 1274 1275 1281 1284 1281 
737 1287 193 194 195 196 
737 197 198 200 201 1290 
737 1291 203 204 205 206 
737 207 208 209 210 211 
737 212 213 1891 1293 1294 
737 1295 1894 1895 1896 1897 
737 1898 215 
738 3827 3828 3829 3830 3831 
739 3832 3833 3834 3835 3836 3837 
740 1113 1114 1596 1115 1116 
740 1117 1118 3838 1118 2537 
741 1516 3839 1517 3839 
742 3840 3841 
743 0 159 1 2 
744 1976 1833 1977 
745 161 0 159 1 2 
745 226 160 3 161 163 
745 164 166 165 162 333 
745 334 334 610 168 167 
745 168 167 169 361 170 
745 171 362 178 172 611 
745 171 173 174 175 1189 
746 3842 3843 3844 3845 3846 
747 25 26 27 94 29 
748 25 26 27 94 29 
749 3847 3848 3849 3850 
750 2728 1516 3839 1517 1491 
750 2730 1492 3851 3852 3850 
750 3849 3853 980 3854 3855 3856 
751 3857 3858 3859 
752 3860 3640 
753 3861 3862 
754 3863 3864 
755 159 25 
756 1835 3865 3866 3867 3868 
757 1975 1976 1830 3869 1978 
757 3870 3865 3871 3872 3873 
757 3874 3875 
758 3876 3877 
759 330 3878 3879 3878 3880 3881 
760 0 159 1 2 226 
760 160 3 162 163 164 165 
761 3882 3883 
762 2549 2550 2549 2550 2551 
762 3251 3711 2622 3884 
763 3885 3886 3887 
764 0 159 1 2 226 
764 3 161 162 163 164 165 
765 3888 3889 
766 0 162 
767 2549 2550 3890 1811 
768 3891 3072 3892 3893 3741 
768 3005 3729 3730 
769 3894 3895 3896 
770 3897 3898 3899 1213 
771 3900 3901 3902 
772 0 159 1 2 226 
772 160 3 
773 1530 1531 1533 3903 3904 
773 3545 3546 1528 1534 1535 
773 1536 1537 1535 1536 1553 
773 3552 2529 2530 2531 2532 
773 2533 3553 3554 1550 1552 
773 1554 1556 2534 2535 3905 
773 3906 3907 3908 3909 2536 
774 3307 3910 3911 3912 3912 3310 
775 3913 3914 
776 3915 3916 3917 3918 
777 3405 3919 3920 3921 
778 3922 3923 3924 3925 3926 
779 3927 3928 3929 3930 3931 
779 3932 3933 3934 
780 1195 1196 
781 1139 1140 1141 2760 1679 
781 1680 2675 3935 3936 3937 
781 1649 2172 1650 3938 3939 
781 3940 3088 286 284 3090 
781 3091 3941 288 1145 545 
781 3942 3943 3944 3945 3946 
781 3947 3948 2651 548 553 554 
782 3949 3950 3951 3952 3953 
782 3954 3955 3956 
783 3957 3958 3959 
784 2167 3960 3961 
785 0 159 1 2 226 
785 160 3 0 159 1 
785 159 1 2 226 160 
785 3 161 162 163 164 165 
786 3962 3963 3964 3965 3966 
786 3967 3968 3969 3970 
787 3971 3972 3973 3974 
788 0 159 1 
789 3975 3976 
790 3977 3978 
791 3979 3980 3981 3982 3983 
792 3984 3985 
793 25 27 94 29 95 
793 96 97 28 98 99 
793 30 31 100 102 32 
793 33 34 103 36 37 
793 39 41 43 45 46 
793 105 47 48 50 107 
793 106 342 108 110 109 
793 111 112 444 114 116 
793 119 120 123 124 126 127 
794 25 3986 3987 3988 3989 
794 3990 3991 3992 3993 3994 
794 3995 3996 3997 3998 3999 4000 
795 4001 4002 3964 
796 330 331 332 185 186 
796 187 188 187 189 190 
796 191 1007 192 1273 1274 
796 1275 1197 1276 1277 1278 
796 1279 1287 1288 1289 193 
796 194 195 196 197 198 
796 199 200 201 202 1290 
796 1291 203 204 205 206 
796 207 208 209 210 211 
796 212 213 214 1891 1292 
796 1293 1294 1295 1892 1893 
796 1894 1895 4003 1896 1897 
796 1898 215 
797 25 121 
798 4004 4005 4006 
799 2474 2475 2476 
800 2951 4007 4008 
801 442 4009 4010 4011 
802 2702 4012 4013 4012 4014 
802 4015 4016 4017 4018 4019 
803 4020 4021 
804 4022 4023 4024 4023 
805 162 164 165 661 
806 25 26 27 94 29 
806 96 97 103 35 36 
807 0 159 1 2 226 
807 160 3 183 184 1448 
807 1449 661 662 663 161 
807 664 1189 176 177 178 
807 216 2168 4025 4026 4027 
807 4028 4029 2401 4030 4031 
807 4032 4033 4034 4032 4035 
807 4033 4036 4037 4038 4039 
807 4040 4041 4042 4043 4044 
807 4045 4046 4047 4048 4049 
807 4035 4033 4050 4034 4035 
807 4050 4034 1524 1525 4051 
807 4052 4053 2519 1802 2520 4054 
808 4055 4056 4057 4058 4059 
808 4060 4061 4060 4061 4062 
809 4063 4064 4065 4066 
810 1200 4067 
811 451 591 
812 4068 4069 4070 4071 
813 4072 4073 4074 4075 
814 98 31 99 101 102 
814 32 103 36 38 39 
814 41 44 46 47 49 
814 33 31 727 587 588 
814 62 63 152 344 64 
815 4076 4077 4076 4078 4079 
815 1875 4080 
816 3301 3911 4081 4082 4083 
816 4084 4085 
817 26 27 94 
818 25 26 1116 1117 1118 
818 2537 2540 4086 
819 4087 4088 2677 
820 4089 4090 4091 4092 4093 
820 4094 4095 4096 4097 4098 
821 4099 4100 4101 4102 4103 
821 4104 4105 4106 4107 4108 
821 4109 4110 4111 4112 3778 
821 3777 2706 4113 2256 4114 
821 4115 2255 2257 
822 4116 4117 4118 4119 419 
822 420 421 
823 4120 4121 
824 4122 4123 4124 4125 
825 2252 2254 4126 4127 4128 
825 4129 4130 4131 4129 4132 
825 4130 4131 4130 4132 4131 
825 4133 4134 4135 4136 
826 4137 4138 4139 4140 4141 
826 4142 4143 4144 4145 4146 
826 4147 4148 4149 4150 4151 
826 4152 4153 4154 4155 4156 
826 4157 4158 4159 
827 1516 3839 
828 0 159 
829 4160 4161 
830 4162 4163 4164 4165 4166 
830 4165 4166 4167 4168 4169 
830 4170 4171 4172 4173 4174 
830 4175 4171 4176 4175 4176 
830 4177 4178 
831 4179 4180 4181 252 4180 
831 4182 4183 4184 4185 4186 
831 4187 4188 4189 
832 0 226 162 163 
833 3545 3546 1534 1535 1536 
833 1555 4190 1532 1553 1551 
833 3548 2530 2531 2532 2533 
833 3553 3554 1550 1552 1554 
833 1556 2534 2535 3905 3906 
833 3907 3908 3909 2536 1538 
833 1541 1542 1544 1546 1548 
833 1549 4191 4192 4193 
834 0 2 3 161 162 
834 0 162 1 164 183 
834 184 1448 
835 3551 3552 2529 2530 2531 
835 2532 2533 3553 3554 1550 
835 1552 1550 1552 1554 1556 
835 3905 3906 1528 3544 1530 
835 1531 1533 3903 3904 3545 
835 3546 1534 3547 2522 1539 
836 2870 4194 4195 4196 4197 
836 4198 4199 4200 4201 4202 
836 4203 4204 4205 2895 2896 
836 2897 4206 4207 2921 3204 
836 3208 2924 2878 2924 2925 
836 2875 3212 2924 2925 2926 
836 2898 2896 4208 4209 4210 
836 4211 4212 
837 3431 3434 4213 
838 4214 4215 4216 4217 4218 
839 0 160 3 161 164 165 
840 3635 4219 
841 4220 4221 4222 4223 4224 
841 4225 4226 4227 4228 4229 4230 
842 4231 4232 4233 4234 4235 
842 4236 4237 4238 4239 4240 
842 4241 4242 4243 4244 4245 
842 4246 4247 
843 4248 4249 
844 25 26 27 29 95 
844 97 28 98 99 30 
844 100 34 99 102 103 
844 583 119 123 124 125 
844 126 127 4250 4251 4252 
844 4253 4254 
845 4255 4256 4257 4258 4259 
845 4260 4261 4262 4263 4264 
846 1116 1115 1116 2538 3697 
847 4265 4266 4267 
848 4268 4269 
849 1033 1129 1130 1132 4270 3087 
850 4271 4272 4273 
851 25 27 94 29 
852 4274 4275 4276 
853 3697 2539 
854 25 26 27 94 29 
854 95 96 97 28 98 
854 28 98 99 30 31 
854 100 34 103 40 41 
854 45 46 47 48 49 
855 0 159 1 2 226 
855 2 160 3 161 176 
855 177 178 4277 4278 4279 
855 4280 4281 4282 
856 4283 4284 
857 25 26 27 96 97 
857 98 28 98 99 31 
857 100 31 100 101 102 
857 4285 4286 4287 4288 4289 
858 0 161 
859 4290 4291 4292 4293 
860 25 26 27 94 29 
860 95 96 97 28 98 
860 99 31 101 102 32 
860 33 34 103 36 37 
860 38 40 41 
861 25 26 27 94 29 
861 95 96 97 28 98 99 
862 3323 3344 
863 1656 1657 1658 3321 2365 
863 3323 3324 3324 3223 3325 
863 3326 3327 2375 3328 3329 
863 3313 1664 1465 1464 
864 1361 1362 1363 1364 1365 
864 1366 1367 1477 1478 1479 
864 1482 1481 
865 4294 1659 1660 1661 1662 
865 1663 1664 1665 1666 1667 
865 1668 1669 1670 1671 1672 
865 4294 1659 
866 1656 3323 3324 3223 3325 
866 3326 3327 2375 3328 3329 
866 3313 1480 
867 3341 2374 3342 3322 1480 
867 1656 1657 1658 3341 3343 
867 3344 3323 3324 3223 2375 
867 3341 2374 3342 3322 4294 
867 1659 1660 1480 1482 3330 
867 3331 2366 3331 
868 1657 1658 3321 3341 2374 
868 3342 2374 3322 1460 1461 
868 3338 3338 
869 3322 3343 3344 3323 3324 
869 3223 3325 3326 3327 2375 
869 3328 3329 3313 
870 1482 1481 
871 3329 2365 1480 3341 3343 
871 3344 3343 3323 3324 3223 
871 3325 3326 3327 1480 3328 
871 1480 3323 2365 3327 3313 
871 2373 3317 2373 3337 4295 4296 
872 2366 1482 3318 3320 3332 
872 3333 3334 
873 3325 3326 3327 2375 3328 
873 3329 3313 4294 
874 3318 3319 3320 3330 3331 
874 3332 3333 3334 3335 3336 
874 3337 1675 1458 1459 1460 
874 1461 3338 3339 1467 1468 
874 1469 1470 1361 1362 1363 
874 1364 1365 1366 1367 1477 
874 1478 1479 1480 2366 1482 1481 
875 1656 1657 1658 3321 3341 
875 2374 3322 3343 3344 3323 3324 
876 1656 1657 1658 3321 2365 
876 3341 2374 3342 3322 3343 
876 3344 3323 3324 3223 3325 
876 3326 1659 1660 
877 1480 470 
878 3337 1675 1458 1469 1470 
878 1471 1472 1473 1474 1475 
878 1476 1361 1362 1363 1364 
878 1365 1366 1367 1477 
879 2366 1671 1672 
880 1480 2366 4297 3345 
881 1367 1477 1478 1479 1480 
881 2366 1482 1481 
882 3337 1675 1458 1459 1460 
882 1461 3338 3339 2366 1482 
882 1464 1673 1674 1466 1465 
882 1467 1468 1469 1470 1471 
882 1472 1473 1474 1475 1478 
882 1479 1476 1361 1362 1363 
882 1364 1365 1366 1367 1477 
882 1482 1481 3337 1675 1481 
882 1656 1657 1658 3318 
883 1470 1459 1471 1474 1475 
883 1476 1361 1362 1363 1479 
883 1480 2366 1482 1481 1480 
884 2374 1656 1657 1656 3313 3329 
885 25 95 99 30 31 
885 100 102 34 44 41 
885 42 43 44 45 48 
885 106 107 341 342 110 
885 112 118 120 122 123 
885 124 125 126 127 445 
885 446 372 448 155 51 
885 52 54 57 58 583 
885 727 584 586 728 62 
885 63 343 152 344 64 
885 65 65 589 66 590 591 
886 4298 4299 
887 861 2683 
888 25 26 27 94 29 
888 95 96 97 28 98 
888 28 99 100 102 32 33 
889 4300 4301 4302 
890 4303 4304 4305 4306 4307 
890 4308 4309 4310 
891 4311 4312 4313 
892 4314 4315 4316 
893 95 97 28 98 99 
893 30 31 100 101 102 
893 32 33 34 4317 4318 
893 4319 4320 4321 4322 4323 
893 4324 4325 4326 4327 4328 
893 4329 4330 4331 4332 4333 
893 4334 4335 4336 
894 0 159 
895 27 96 97 28 98 
895 99 99 28 99 30 
895 31 100 33 
896 4337 4338 4339 4340 4341 
897 4342 4343 
898 4344 4345 4346 4347 4348 
898 4349 4350 4351 4352 4353 
898 4354 4355 4356 4357 
899 4358 4359 4360 4361 4362 
900 2525 3539 3540 
901 4363 4364 4365 
902 3459 3460 
903 4366 4367 4368 
904 2595 2596 2597 4369 
905 4370 4371 4316 
906 0 161 362 172 175 
906 1438 1442 1189 
907 4372 4373 4374 4375 
908 4376 4377 
909 0 1 2 0 226 
909 160 3 161 162 165 
909 166 333 334 167 169 
909 361 170 171 362 172 611 
910 4378 4379 4380 4381 
911 1516 3890 2983 
912 4382 149 150 
913 4383 4384 4385 4386 
914 330 331 332 185 186 
914 187 188 1277 1278 1279 
914 1280 1281 1282 1283 1284 
914 1285 1286 1287 1288 1289 
914 193 194 195 196 197 
914 206 207 208 209 210 
914 211 212 213 214 1292 
914 1293 1294 1295 1892 
915 330 331 332 185 186 
915 187 188 189 190 191 
915 1007 192 1273 1274 1275 
915 1197 1276 1277 1278 1279 
915 1280 1281 1289 193 194 
915 195 196 197 198 199 
915 200 201 202 1290 1291 
915 203 204 205 206 207 
915 208 209 1891 1292 1293 
915 1294 1295 1892 1893 1894 
915 1893 1896 1897 1898 215 
915 1895 4003 
916 1141 2760 1678 1679 2676 
916 2677 3935 3936 4387 3465 4388 
917 4389 4390 4391 4392 1445 4393 
918 4394 4395 593 
919 0 161 179 
920 269 4396 
921 330 331 
922 4397 4398 4399 
923 94 50 587 152 
924 1445 4400 4401 4402 4403 
924 4404 4405 
925 159 1 
926 2100 2101 2102 2120 2110 
926 2103 2104 2105 2048 
927 4406 4407 4408 4406 
928 2079 1119 1120 303 304 
928 305 2122 4409 2112 2118 
929 4410 4411 4412 4413 4414 
929 4415 4416 4417 4418 4419 
929 4420 4421 4422 4423 4424 
929 4425 4426 4427 4428 4429 
929 4430 4431 4432 4433 4434 4435 
930 4161 4160 4161 4160 
931 25 27 25 26 27 
931 94 29 95 
932 4436 4437 4438 4439 4440 
932 4441 4442 4443 4444 4445 
932 4446 4447 4448 4449 4450 4451 
933 334 168 167 664 
934 25 26 27 94 29 
935 4452 4453 4454 
936 4455 4456 4457 
937 98 99 98 
938 0 162 161 
939 856 1034 
940 4458 4459 4460 4461 4462 
940 4461 4462 4463 4464 4465 
940 4466 4467 4468 4469 4470 
941 4471 4472 
942 25 26 27 99 31 
942 102 34 35 37 38 
942 39 41 43 44 45 
942 46 47 48 49 50 
942 341 342 111 112 114 
942 116 120 122 123 124 
942 125 126 127 446 129 
942 372 51 53 55 56 
942 57 58 60 59 61 
942 583 728 588 63 153 
942 343 152 65 589 66 
942 68 69 70 72 
943 226 1446 1447 
944 4473 4474 4475 4476 4477 
944 4478 4479 4480 4479 
945 4481 823 824 
946 587 588 62 153 152 
946 344 1795 
947 159 1 2 226 160 
947 3 4482 4483 4484 4485 
947 4486 4487 4488 4489 4490 
947 4491 4492 4493 
948 4494 4495 4496 
949 4497 4498 4499 
950 0 1115 1116 1117 1116 
950 1118 2537 1114 1118 2538 
951 159 161 334 362 172 611 
952 4500 4501 
953 390 4502 4503 4504 3894 
954 98 99 30 31 100 
955 4505 4506 4507 2549 2550 
955 2551 4508 
956 0 159 1 2 
957 0 179 180 1439 183 
957 184 1448 1449 
958 4509 4510 
959 99 30 
960 3645 1220 4511 
961 4512 4513 4514 
962 4515 4516 4517 4518 4519 
962 4520 4521 4522 4523 4524 
962 4525 4526 4527 4528 4529 
962 4530 4531 4532 4533 4534 
962 4535 4536 4537 4538 4539 
962 4540 4541 4542 4543 4544 
962 4545 4546 4547 4548 4549 
962 4550 4551 4552 4553 4554 4555 
963 4556 4557 
964 4558 4559 4560 4561 
965 25 26 29 99 
966 4161 4160 
967 4562 4563 3407 4564 578 
967 4565 4566 4567 4568 3768 
968 25 26 27 94 29 
968 96 97 98 33 34 
969 4569 4570 4571 
970 160 3 161 
971 25 26 27 94 29 
971 95 96 97 28 98 
971 99 30 31 119 120 
971 121 122 124 125 126 
971 445 52 
972 2939 4572 4573 
973 4574 4575 4576 
974 4577 4578 4579 4580 
975 4581 4582 
976 4583 4584 4585 
977 4586 4587 4588 
978 4589 4590 4591 4592 4593 
978 4594 4595 4596 4597 4598 
978 4599 4600 4601 4602 4603 
979 4604 4605 4606 4607 
980 4608 4609 
981 4610 4611 
982 0 1 334 610 168 
982 171 174 175 1183 1438 
982 176 177 216 179 180 
982 1439 1440 1441 1442 181 
982 182 1443 1446 1447 663 
983 4612 4613 
984 97 28 98 99 30 
984 31 100 101 102 32 
984 34 103 36 38 39 
984 40 41 43 44 45 
984 46 48 49 50 107 
984 342 108 110 109 111 
984 104 112 444 113 114 
984 115 116 117 118 119 
984 120 121 120 122 123 
984 124 125 126 127 123 
984 447 446 447 446 128 
984 129 372 448 449 155 
984 25 95 28 451 28 
984 451 451 51 53 55 
984 56 57 58 59 583 
984 727 584 585 586 587 
984 153 344 64 65 66 
984 590 591 67 69 70 
984 72 1085 154 1085 63 587 
985 4614 4615 4616 4617 4618 
985 4619 4620 4621 4620 4621 
985 4620 4621 4620 4621 4620 4622 
986 4623 660 4624 
987 26 27 94 29 97 
987 28 25 28 98 99 
987 30 31 100 101 102 
987 32 34 36 37 42 
987 44 46 105 47 49 
987 106 341 342 110 109 
987 444 114 115 116 117 
987 120 122 123 124 125 
987 126 127 445 446 447 
987 128 129 372 448 449 
987 450 155 451 51 
988 1 3 161 162 164 
988 165 166 333 334 610 
988 168 167 169 361 170 
988 171 362 172 0 172 
988 611 173 174 175 1183 
988 1438 216 179 180 1439 
988 1440 1441 1442 1443 1446 
988 764 2362 1447 662 663 
988 1189 183 
989 94 103 
990 25 26 94 96 97 
990 98 99 100 102 34 
990 103 35 36 41 43 
990 1131 1134 1135 1136 1137 
991 4625 4626 4627 
992 3884 4628 3253 4629 4630 
993 4631 4632 4631 4633 4634 
993 4635 4631 4636 4637 4638 4639 
994 29 95 31 100 102 
994 103 35 36 
995 0 159 226 160 161 
995 162 164 181 182 
996 4640 4641 4640 
997 253 254 
998 4642 4643 4644 4645 
999 4646 4647 4646 
1000 3764 4648 4649 4650 4651 4652 
1001 4653 2318 2516 2318 
1002 4654 4655 4656 4657 
1003 25 26 
1004 4658 4659 4660 4661 4662 
1004 4663 4664 4665 4666 4667 
1004 4668 4669 
1005 0 159 1 161 183 
1006 44 119 120 110 109 
1006 111 104 112 113 114 121 
1007 26 27 29 96 28 
1007 98 44 110 
1008 330 4670 1587 
1009 2442 653 2443 654 655 
1009 4671 2473 
1010 4672 4673 4674 
1011 3251 4675 4676 3886 
1012 4677 4678 
1013 4679 4680 4681 4682 4683 
1013 4684 4685 4686 4687 
1014 1822 4688 3633 4689 
1015 0 159 1 2 226 
1015 160 3 161 162 163 
1015 164 165 166 333 334 
1015 610 168 167 169 170 
1015 171 362 172 611 173 
1015 1439 1440 1441 1442 181 
1015 182 1443 1446 764 1447 
1015 2362 661 662 663 664 
1015 1189 183 184 1448 1449 
1016 4690 4670 
1017 4691 4692 4693 4694 
1018 4695 4696 
1019 4697 4698 4699 4700 
1020 4701 4702 4703 4704 4705 
1020 4706 4707 4708 4709 4710 
1020 4711 4712 4713 4714 4715 
1020 4716 4717 4718 4719 4720 
1020 4721 4722 4723 4724 4725 
1020 4726 4727 4728 
1021 125 124 125 70 
1022 4729 4730 4731 4732 4733 
1022 4734 4735 
1023 3462 3463 3464 2029 4736 
1023 2030 2031 2033 4737 4738 
1023 4739 4740 4741 4740 4741 
1023 4742 4743 4274 4744 4275 
1023 4745 4746 4747 454 455 
1023 4748 4749 4750 4751 4752 4753 
1024 4754 4755 4756 4757 
1025 1266 4758 
1026 0 159 1 
1027 330 4759 4760 4761 4762 
1027 4763 4764 4765 4766 4767 
1027 4768 4769 
1028 4770 4771 
1029 0 4772 4773 2289 
1030 4774 4775 4776 4777 4778 
1030 4779 4780 4781 4782 4783 
1030 4784 4785 4786 
1031 4787 4788 4789 4790 4791 
1032 1118 2540 4792 4793 4794 
1033 149 4795 4796 4797 4798 
1033 4799 4800 4801 4802 4803 
1033 4804 4797 4802 4805 4806 
1033 4807 4796 4808 4803 4804 
1033 4809 4804 4807 4796 4803 
1033 4801 4796 4798 4797 4798 
1033 4799 4808 4797 4808 4806 
1033 4809 4803 4804 4810 4808 
1033 4811 4812 4813 4814 4815 
1033 4816 4817 4818 4819 4820 
1033 4821 4822 4821 4823 4821 
1033 4822 4824 4825 4826 4827 4823 
1034 28 448 155 43 108 
1034 110 113 124 125 155 
1034 451 728 344 589 
1035 4828 4829 4830 862 4831 
1035 4832 4833 862 4834 2160 
1035 3459 3460 4835 3460 4836 
1036 4837 4838 4839 4840 4839 4841 
1037 4842 4843 4844 4845 
1038 26 27 
1039 4846 4847 4848 4849 4850 
1039 4851 4852 4853 4854 4855 
1039 4856 4857 4858 4859 4860 
1040 4861 4862 4863 3112 3113 
1040 4864 4865 4866 
1041 4867 4868 4869 4870 4871 
1041 4872 4873 4874 4875 4876 
1041 4877 4878 4879 
1042 858 472 3226 
1043 3677 3678 
1044 25 26 27 94 29 
1044 95 96 97 28 98 
1044 99 31 100 102 34 
1044 36 37 41 44 45 
1044 105 47 49 50 107 
1044 341 342 108 109 444 
1044 116 117 
1045 4880 4881 
1046 0 166 
1047 4882 4883 4884 
1048 4885 4886 4887 4888 4889 
1048 3753 4890 4891 4892 4893 
1048 4894 4895 4896 4897 4898 
1048 4899 4900 4900 4901 4902 
1048 4903 4904 4905 4906 4907 
1048 4908 4909 4910 
1049 4911 4912 
1050 4913 4914 4915 4916 4917 
1050 4918 4919 4920 4913 4921 
1050 4922 4923 4924 4925 4926 
1050 4927 4928 
1051 4929 4930 4931 940 
1052 0 159 1 2 226 
1052 160 3 161 162 163 
1052 164 165 166 333 334 
1052 610 168 167 169 361 
1052 170 171 362 172 611 
1052 173 174 175 1183 176 
1052 177 178 216 762 
1053 1445 4932 
1054 4933 4934 4935 4936 4937 4938 
1055 2985 2445 4939 4940 2473 
1056 4941 4942 4943 4944 4945 
1057 4946 4947 
1058 4948 4949 4950 4951 4952 
1059 4953 4954 4955 4956 4957 
1060 2317 1120 306 307 308 
1060 1112 4958 
1061 0 159 
1062 25 27 95 97 28 
1062 99 30 31 100 102 
1062 32 33 34 103 
1063 4959 4960 4961 4962 4963 4964 
1064 2489 626 4965 4966 4965 
1064 4966 4965 4966 4965 4966 
1064 4965 4966 4965 4966 4965 
1064 4966 4965 4966 4965 4966 
1064 4965 4966 4965 4966 4965 4966 
1065 0 159 1 2 226 
1065 3 161 183 184 1448 1449 
1066 342 110 111 109 111 
1066 31 101 122 125 126 
1066 127 446 447 128 129 
1066 41 589 58 155 51 
1066 52 53 54 55 4967 4968 
1067 4969 4970 4971 
1068 856 861 1033 
1069 4972 4973 
1070 0 159 1 
1071 4974 4975 4976 4977 4978 
1072 4979 4736 2165 4980 4981 
1072 2163 4982 4983 4984 4985 
1073 333 166 333 610 168 
1073 334 168 167 169 361 
1073 170 171 362 172 611 
1074 3854 3855 
1075 4986 4987 4988 
1076 2289 2290 4989 
1077 4990 4991 4389 4391 
1078 1089 1090 3639 4992 4993 
1078 4994 4995 4996 4997 4998 
1078 4999 5000 5001 5002 
1079 5003 5004 
1080 162 163 164 
1081 5005 5006 
1082 5007 5008 5009 5010 5011 
1083 1139 1140 1141 2683 2685 
1083 5012 5013 5014 3084 1142 
1083 5015 5016 5017 
1084 5018 5019 5020 5021 5022 
1084 5023 5024 5025 5026 
1085 5027 5028 5029 5030 5031 
1085 5032 5033 
1086 2684 2686 856 857 858 1128 
1087 25 26 27 30 31 
1087 5034 3461 5035 
1088 1979 5036 5037 5038 5039 
1089 196 213 214 1891 1292 
1090 193 1286 1287 1288 193 
1090 1282 1283 1284 
1091 5040 5041 
1092 5042 5043 
1093 5044 1698 1565 1703 1704 
1094 126 127 446 
1095 5045 5046 1191 
1096 5047 5048 
1097 0 159 2 160 3 
1097 166 333 334 168 662 663 
1098 0 159 1 0 2 
1098 226 160 3 0 663 
1098 1446 764 1447 2362 181 
1098 182 1443 179 180 1439 
1098 1440 1441 1442 1441 173 
1098 174 176 178 183 
1099 5049 2277 
1100 4650 5050 5051 
1101 25 94 29 95 96 
1101 97 98 122 123 
1102 94 28 34 103 
1103 5052 5053 5054 
1104 5055 5056 
1105 689 5057 
1106 25 119 125 126 
1107 5058 4511 5059 
1108 5060 5061 5062 5063 5064 
1108 5065 5066 5067 5068 5069 
1108 5070 5060 
1109 5071 5072 5073 
1110 25 26 27 94 29 
1110 97 28 99 31 100 
1110 34 36 37 40 28 
1110 43 44 46 50 110 
1110 109 104 112 116 123 
1110 122 123 124 127 445 
1110 447 128 129 448 51 
1110 52 5074 5075 5076 5077 
1110 5078 5079 5080 5081 5082 
1110 5083 2089 
1111 5084 5085 5086 
1112 5087 5088 5089 5090 
1113 5091 5092 
1114 25 98 
1115 4756 5093 5094 5095 
1116 25 26 27 94 29 
1116 95 96 97 28 98 
1116 99 31 32 33 101 
1116 35 36 37 38 39 
1116 40 41 
1117 326 3285 5096 4067 5097 5098 
1118 5099 5100 5101 
1119 2870 5102 5103 5104 5105 
1120 3510 5106 
1121 25 26 27 94 29 
1121 96 97 28 26 28 
1121 98 99 31 100 101 
1121 102 32 34 36 454 
1122 5107 5108 5109 5110 
1123 5111 5112 5113 5111 5112 
1123 5114 5115 5116 5117 5118 
1123 5119 5120 5121 5122 5123 
1123 5124 5125 5126 4758 5127 
1123 5128 5129 5130 5131 5132 
1123 5133 5134 5135 1986 5136 5137 
1124 5138 5139 
1125 361 176 
1126 0 159 1 2 226 
1126 160 3 161 162 164 165 
1127 5140 5141 5142 5143 5144 
1127 5145 5146 
1128 2951 5147 2952 2787 5148 
1128 5149 3656 3657 5150 5151 
1128 5152 5153 5154 5155 3658 
1128 3659 3660 
1129 166 333 334 610 168 
1129 167 169 361 170 171 
1129 172 183 162 163 164 
1129 165 168 167 
1130 308 1111 4409 2112 4792 
1130 2541 2542 5156 5157 5158 
1130 5159 5160 5161 5162 5163 
1130 5164 4086 5165 5166 5167 5168 
1131 5169 5170 
1132 361 170 171 172 176 
1132 178 662 663 1189 
1133 26 27 94 29 28 
1133 30 31 
1134 330 5171 3661 3662 5172 
1134 3663 3664 3665 3666 3667 
1134 3668 3669 3670 3671 3676 
1134 5173 5174 5175 5176 3661 
1134 5177 5178 5179 5180 5179 5180 
1135 5181 5182 5183 5184 5185 
1135 5186 5187 5188 4402 
1136 0 159 1 99 
1137 5189 5190 3842 5191 5192 
1137 5193 5194 5195 5196 
1138 5197 5198 5199 5200 
1139 161 159 1 2 226 
1139 160 162 
1140 330 331 332 185 186 
1140 187 188 190 189 186 
1140 188 191 1007 192 1273 
1140 1274 1275 1286 1287 1288 
1140 1289 193 194 195 193 
1140 194 195 196 197 198 
1140 197 199 200 201 202 
1140 1290 1291 203 204 205 
1140 206 207 208 1293 1294 
1140 1295 1892 1893 1894 1895 4003 
1141 0 159 1 2 161 
1142 3309 5201 3910 
1143 0 159 1 2 226 
1143 160 3 161 162 165 
1143 166 333 334 610 167 
1143 361 170 172 611 173 
1143 174 175 1183 1438 176 
1143 177 178 216 179 
1144 5202 5203 5204 5205 5206 
1145 2985 2441 5207 
1146 3297 3300 5208 5209 5210 3311 
1147 5211 5212 5213 5214 5215 
1147 3358 3359 5216 5217 5218 
1147 5219 5220 5221 348 349 
1147 5222 5223 350 5224 5225 
1147 5226 5227 351 5228 5229 
1147 5230 5231 5232 
1148 5233 5234 5235 5236 5237 
1149 161 162 163 164 165 
1149 169 0 159 161 162 
1149 163 5238 5239 5240 
1150 94 29 97 28 98 
1150 99 31 100 32 103 
1150 39 40 43 44 46 
1150 105 47 48 49 50 
1150 48 106 107 341 342 
1150 108 109 112 113 120 
1150 122 123 124 125 126 
1150 127 445 446 447 129 
1150 449 155 451 52 54 
1150 58 60 59 61 583 
1150 727 585 586 
1151 5241 5242 5243 
1152 3776 2255 
1153 5244 5245 5246 5247 5248 
1153 5249 5250 5251 5252 5251 
1153 5253 5254 5255 5256 5257 
1153 5258 5259 5257 2800 5260 
1153 2788 5261 5262 5263 5264 
1153 2870 5265 5266 5267 5268 
1153 3204 3205 3206 5269 2925 
1153 2876 2877 2878 2879 2880 
1153 2881 3210 3211 3212 5270 
1153 5271 5272 5273 5274 5275 
1153 5276 5277 5278 5279 5280 
1153 5281 5282 5283 5284 5285 
1153 5286 5287 5286 5288 5289 
1153 5290 5291 5292 5293 5294 
1153 5295 5293 5296 5297 5298 
1153 5299 5300 5301 5302 5303 
1153 5304 5305 5306 5307 5308 
1153 5309 5310 
1154 1132 2758 1133 3935 3936 
1155 5311 3301 3309 5201 5312 
1156 3843 5191 5313 5194 5195 
1156 5314 5315 
1157 1695 5316 
1158 0 159 1 2 164 
1158 165 334 610 168 169 
1158 170 171 611 173 174 
1158 1183 1438 661 662 663 
1158 664 1189 183 184 1448 1449 
1159 5317 5318 
1160 5319 5320 5321 5322 5323 
1160 5324 5325 5326 5327 5328 
1160 5329 5330 545 5331 5332 
1161 5333 5334 5335 5336 5337 
1161 2001 1998 5338 5339 5340 
1161 5341 5342 1999 2000 2002 
1161 2010 2011 2012 2013 522 
1161 5343 5344 2014 5345 5346 5347 
1162 2938 5348 5349 5350 5351 5352 
1163 5353 5354 5355 5354 1764 
1163 1767 1766 5356 5357 5358 5359 
1164 2938 5348 5360 
1165 99 32 34 103 40 
1166 0 159 
1167 1194 1195 2767 2768 
1168 5361 5362 5363 5364 5365 
1168 5366 5367 5368 5369 5370 
1168 5371 5372 5373 5374 3840 
1168 5375 5376 
1169 5182 1444 5377 5378 5379 
1169 1445 5183 5184 5185 5186 5187 
1170 25 26 27 94 99 
1170 31 100 101 102 25 
1170 32 33 34 103 35 
1170 36 37 38 39 40 
1170 41 42 43 
1171 1192 2951 2953 3657 5150 
1171 5151 5152 5380 5154 5155 
1171 3660 5381 
1172 5382 5383 
1173 5384 5385 
1174 99 30 31 100 101 
1174 102 32 33 
1175 5386 5387 5388 5389 5390 5391 
1176 25 0 
1177 4386 5392 5393 5394 5395 5396 
1178 5397 5398 5399 
1179 5400 5401 
1180 5402 5403 5404 5405 5406 
1180 5407 5408 5409 
1181 587 588 343 120 94 
1181 29 95 96 97 28 
1181 98 99 30 31 100 
1181 101 34 372 588 63 
1181 153 152 344 65 590 
1181 67 69 70 72 592 
1181 41 5410 5411 5412 5413 
1181 5414 5415 5416 5417 5418 
1181 5419 5420 5421 5421 5422 
1181 5423 5424 5424 
1182 5425 5426 
1183 5427 5428 5429 5430 5431 
1183 5432 5433 5434 5435 5436 5437 
1184 5438 5439 5440 5441 5442 
1184 5443 5444 
1185 1328 1329 5445 5446 5447 
1185 2031 2029 2032 2033 2029 
1185 4737 4738 4739 4740 5448 
1185 4741 337 5449 5450 339 
1185 5451 5452 5453 5454 5455 
1185 5456 5457 5456 5458 5459 
1185 5460 1220 1221 5461 5462 
1185 5463 5464 
1186 3076 5465 5466 3892 
1187 5467 3082 
1188 5468 5469 
1189 3942 5470 
1190 5471 5472 5473 
1191 5474 5475 5476 5477 5478 5479 
1192 5480 5481 5482 5483 5484 
1192 5485 5486 5487 1144 5488 
1192 5489 5490 548 549 550 
1192 551 2654 
1193 99 41 
1194 5491 5492 5493 5494 5495 
1194 5496 4785 5496 
1195 5497 5498 5499 5500 5501 
1195 5502 5503 5504 5505 
1196 3371 5506 
1197 5506 5507 
1198 5508 5509 5509 5510 
1199 3818 3819 4880 5511 5512 4657 
1200 159 161 
1201 5513 2740 
1202 5514 5515 489 5516 484 
1202 5517 5202 5203 
1203 0 1 2 160 
1204 5518 5519 5520 5519 5520 
1204 5519 5520 5521 5519 5520 
1205 4404 4405 4404 5522 
1206 1486 5523 5524 5525 5526 
1206 5527 5528 
1207 1896 330 
1208 5529 5530 5531 5532 
1209 5533 5534 5533 5535 
1210 5536 5537 5538 
1211 5539 5540 5539 5541 4374 
1211 4374 4375 5542 
1212 5543 5544 
1213 5545 5546 
1214 25 95 96 97 98 
1214 28 98 99 30 31 
1214 100 34 103 35 36 
1214 37 38 39 40 41 
1214 42 43 44 45 46 
1214 446 122 109 111 104 
1214 119 120 121 123 124 
1214 125 126 127 445 446 
1214 447 128 129 61 583 
1214 727 584 585 586 728 
1214 587 588 62 63 153 
1214 343 152 344 64 65 589 
1215 958 959 5547 5548 5549 5550 
1216 5551 5552 5553 
1217 26 94 29 97 28 
1217 98 99 31 100 31 
1217 100 101 102 32 33 
1217 34 103 35 36 37 
1217 38 39 40 41 45 
1217 105 50 106 
1218 1761 1762 1763 
1219 5554 5555 
1220 0 159 226 160 3 
1221 0 159 1 2 226 
1221 160 3 162 163 164 
1221 165 166 333 610 168 
1221 167 170 611 173 174 
1221 175 176 177 178 216 
1221 762 661 662 663 664 1189 
1222 0 159 1 2 226 
1222 160 161 162 164 165 
1222 166 333 334 610 168 
1222 167 169 361 170 
1223 166 164 165 166 333 
1223 334 167 170 171 172 
1223 173 174 175 1183 1438 
1223 176 177 178 216 762 
1224 0 226 161 162 163 
1224 164 165 
1225 0 159 1 2 226 
1225 160 3 161 165 333 
1225 610 168 169 171 362 
1225 172 611 173 174 176 
1225 177 178 216 762 179 
1225 180 1439 1440 1441 1442 
1225 181 182 1443 
1226 0 159 
1227 0 159 1 2 226 
1227 160 3 161 162 163 
1227 164 165 334 610 168 
1227 167 169 361 170 171 
1227 362 172 611 174 175 
1227 1183 1438 661 662 663 
1227 664 1189 183 184 1448 
1227 1449 176 177 178 216 
1227 762 179 180 1439 1440 
1227 1441 1442 181 182 1443 
1227 1446 764 1447 2362 
1228 0 159 1 2 226 
1228 160 3 161 162 164 
1228 165 333 334 610 168 
1228 167 169 361 
1229 0 159 1 2 226 
1229 160 3 161 162 164 
1229 165 166 333 334 610 
1229 168 167 169 361 170 
1229 171 362 172 611 176 
1229 177 178 216 762 181 
1229 182 1443 661 662 663 
1229 664 1189 
1230 3590 5556 5557 5558 
1231 25 26 27 94 29 
1231 95 96 97 28 98 
1231 99 31 100 101 102 
1231 32 33 34 103 35 
1231 36 37 38 39 40 
1231 41 43 44 46 105 
1231 47 48 49 50 106 
1231 107 341 342 108 109 
1231 111 104 112 113 115 
1231 116 117 119 120 121 
1231 122 123 124 
1232 3003 3004 3003 
1233 3885 5559 3253 4629 5560 
1233 3377 5561 3380 5562 5563 
1233 5564 5565 5566 5567 5568 
1233 5569 3886 3887 3384 5570 
1234 25 27 29 28 98 
1234 99 30 31 100 102 
1234 32 34 103 35 36 
1234 37 38 39 40 41 
1234 43 44 45 46 105 
1234 124 126 127 445 446 
1234 447 128 129 448 450 
1234 155 451 51 52 53 
1234 55 120 121 122 123 
1234 124 125 126 127 56 
1234 57 54 55 56 57 
1234 58 60 59 61 583 584 
1235 5571 5572 5573 5574 5575 5576 
1236 0 159 1 2 160 
1236 3 161 
1237 2289 5577 
1238 96 97 28 98 99 
1238 30 31 120 
1239 152 344 64 65 64 
1239 65 589 66 590 591 
1239 590 67 68 69 70 
1239 71 72 1085 154 
1240 0 159 1 2 226 
1240 160 3 161 
1241 0 159 1 2 226 
1241 160 3 161 162 163 
1242 5578 3793 
1243 3531 5579 5580 3723 5581 
1243 5582 5583 5584 5585 5586 
1243 219 5587 
1244 2938 5348 2938 5348 5349 
1244 4610 4611 
1245 1516 3839 1517 1491 3839 
1245 3839 1517 1517 3839 1517 
1245 3839 1517 3839 1517 3839 
1245 1517 3839 1517 3839 1517 
1245 3839 1517 3839 1517 3839 
1245 1517 1491 3839 1517 3839 
1245 1491 1517 3839 1491 1517 
1245 1491 3839 1517 3839 1491 
1245 1517 1491 3839 1517 3839 
1245 1491 1517 1491 3839 1517 
1245 3839 1517 3839 1517 3839 
1245 1517 3839 1517 3839 1517 
1245 3839 1517 3839 1517 3839 
1245 1517 3839 1517 3839 1492 
1245 1493 1492 1493 1492 1493 
1245 1492 1493 1492 1493 1492 
1245 1493 1492 1493 1492 1493 
1245 1492 1493 1492 1493 1492 
1245 1493 1492 1493 1492 1493 
1245 1492 1493 1492 1493 1492 
1245 1493 1492 1493 1492 1493 
1245 1492 1493 1492 1493 1492 
1245 1493 1492 1493 1492 1493 
1245 1492 1493 1492 1493 1492 
1245 1493 1492 1493 1492 1493 
1245 1492 1493 1492 1493 1492 
1245 1493 1492 1493 1492 1493 
1245 1492 1493 1492 1493 1492 
1245 1493 1492 1493 1492 1493 
1245 1492 1493 1492 1493 1492 
1245 1493 1492 1493 1492 1493 
1245 1492 1493 1492 1493 1492 
1245 1493 1492 1493 1492 1493 
1245 1492 1493 1492 1493 1492 
1245 1493 1492 1493 1492 1493 
1245 1492 1493 1492 1493 1492 
1245 1493 1492 1493 1492 1493 
1245 1492 1493 1492 1493 1492 
1245 1493 1492 1493 1492 1493 
1245 1492 1493 1492 1493 1492 
1245 1493 1492 1493 1492 980 3855 
1246 2441 5207 2443 654 655 
1246 655 3682 5588 
1247 5589 5590 
1248 5591 5592 5593 5594 
1249 2728 5595 5596 3848 5597 5598 
1250 5599 5600 5601 2495 2496 
1251 0 159 1 2 226 
1251 160 3 161 162 164 762 
1252 5602 5603 5604 5603 5604 
1252 5605 5606 5607 
1253 5608 5609 5610 5611 5612 
1253 4772 4773 5613 5613 5614 
1253 5615 5616 5617 5618 5619 
1253 5620 5621 
1254 5622 5623 5624 5625 5626 
1254 5623 5627 414 5628 430 
1254 431 432 593 5629 433 434 
1255 5630 5631 5632 5633 
1256 5634 5635 5636 5637 5638 
1256 5639 5640 5641 
1257 3341 2374 3342 3322 3323 
1257 3324 3223 3325 3326 3327 
1257 2375 3328 3329 3313 981 
1257 984 5642 5643 5644 5645 5646 
1258 5647 5648 5649 5650 5651 
1259 1196 1192 3655 5155 5154 
1259 5380 1196 
1260 981 984 5642 982 
1261 4301 5652 5653 
1262 5654 5655 5656 
1263 5657 5658 5659 5660 5661 
1263 5662 5663 5664 5665 5666 
1263 5667 5668 5669 5670 
1264 97 25 
1265 2728 5671 
1266 27 29 28 98 99 
1266 31 102 32 33 34 
1266 103 35 36 37 38 
1266 39 40 41 42 43 
1267 111 104 112 444 113 
1267 114 115 116 117 118 
1267 119 120 123 124 125 
1267 127 445 51 52 53 
1267 55 57 58 59 61 
1267 727 586 58 587 62 
1267 63 153 343 152 344 
1267 64 65 589 591 68 
1267 591 69 70 69 66 
1267 590 591 68 69 70 
1267 71 72 592 154 63 1085 
1268 155 118 119 120 121 122 
1269 94 96 30 101 32 
1269 33 34 40 106 107 
1269 727 586 587 588 62 
1269 153 65 72 
1270 1967 1968 5672 
1271 3076 5465 5554 5555 3741 
1271 3694 3467 5673 3737 5673 3738 
1272 5674 5675 5676 5677 5678 
1273 5679 2986 
1274 5680 5681 5682 
1275 5683 5684 5685 5686 5687 5688 
1276 5689 5690 5691 5692 5693 5694 
1277 0 159 3 226 161 
1278 2768 2951 5147 2952 5695 
1278 5696 5697 5698 
1279 5699 5556 5557 
1280 5700 2423 5701 
1281 5702 5703 
1282 5704 4563 5705 5706 3960 
1282 5707 5708 5709 5710 5711 
1283 0 159 1 
1284 5712 5713 
1285 25 4771 5714 5715 
1286 3144 5716 5717 
1287 3498 5718 5719 5720 5721 5722 
1288 5723 1518 5723 5724 5725 
1288 5726 5727 1200 1884 1885 
1289 5728 390 
1290 2114 2115 2955 
1291 5729 5730 5731 5732 5733 
1291 5734 5735 5734 
1292 120 372 54 56 58 
1292 344 64 589 
1293 43 45 46 105 28 
1293 47 48 48 49 50 
1293 108 106 107 341 342 
1293 341 342 108 110 111 
1293 112 119 120 123 124 
1293 125 127 445 446 447 
1293 128 449 155 451 51 
1293 53 54 55 57 58 
1293 60 59 61 727 584 
1293 588 64 590 591 68 592 
1294 4007 2786 1194 
1295 5736 5737 
1296 3127 5738 5739 5740 
1297 25 27 95 101 103 
1297 44 46 
1298 5741 5742 5743 5744 5508 
1298 5427 5428 
1299 5745 5746 5747 5747 5748 
1299 5749 5750 5751 5752 5753 
1299 5754 5755 
1300 5756 5757 5758 5759 5760 
1301 5761 5762 5763 5764 
1302 5765 5766 5767 
1303 5768 5769 5770 5771 5772 
1303 5773 5774 5775 5776 5777 
1303 5778 5779 5780 
1304 0 159 2 1 3 
1304 161 163 165 
1305 25 26 
1306 5781 5782 5783 5784 
1307 0 159 1 
1308 99 100 32 34 103 
1308 35 36 37 38 39 
1308 106 107 341 342 108 
1308 110 109 111 104 444 
1308 113 116 117 120 119 
1308 121 122 123 124 125 
1308 126 127 445 446 447 
1308 128 129 372 125 123 
1308 124 126 127 445 446 
1308 447 128 129 448 449 
1308 344 64 65 589 66 
1308 590 591 67 583 
1309 25 26 27 94 29 25 
1310 2550 5785 3711 
1311 25 26 29 96 97 
1311 28 31 
1312 2289 2290 2600 2601 5786 
1312 5787 5788 5789 5790 5791 5789 
1313 5792 5793 5794 5795 5796 5797 
1314 5207 652 2443 654 655 
1314 2985 2445 4939 4940 
1315 5207 652 653 654 655 
1315 2445 4939 4940 2444 
1316 5207 2442 5798 652 655 
1317 2498 5799 5800 
1318 5801 5802 5803 5804 
1319 5555 3742 3728 3005 3729 
1319 3731 3694 3004 
1320 2484 5805 5766 5767 
1321 5806 5807 
1322 5808 5809 5810 5811 5812 
1322 5813 5812 2939 5814 3354 4610 
1323 25 26 27 29 99 
1324 838 4117 
1325 26 5815 
1326 5816 5817 5818 5819 
1327 5820 5821 
1328 2549 2550 3253 4629 
1329 5822 5823 5824 
1330 5825 5826 5827 5828 5829 
1330 5830 5831 5832 5833 5834 5835 
1331 5836 5837 5838 5839 5840 
1331 5841 5842 5843 5844 5845 
1331 5846 2300 5847 5848 
1332 5849 5850 5851 
1333 5852 5853 
1334 0 159 1 226 160 3 
1335 5854 5855 1062 5856 5857 
1335 5858 5859 5860 5861 5860 
1335 5861 5862 
1336 2164 2560 2149 1858 1859 
1336 5863 1860 1868 1869 
1337 5864 5865 5866 5867 5865 
1338 523 524 5868 5869 5870 
1339 3072 3073 5466 3892 3731 3893 
1340 5871 5030 299 300 
1341 25 99 30 31 100 
1341 32 34 28 34 103 
1341 35 36 37 38 39 
1341 40 41 
1342 5210 5872 5873 5874 4085 
1343 5875 1444 5377 5184 5186 
1343 5187 5188 4400 
1344 4187 4188 5876 5877 5878 
1344 5879 5880 
1345 330 331 330 332 
1346 5209 5881 
1347 5882 5883 5884 5885 5886 
1348 305 304 
1349 0 159 1 161 
1350 5887 5888 5889 5890 5891 
1350 5892 5893 5894 
1351 0 159 1 2 226 
1351 160 3 161 
1352 5895 5896 5897 
1353 5898 5899 5900 5901 
1354 0 173 174 175 1183 
1354 1438 175 174 173 1183 
1354 176 177 178 216 762 
1354 179 180 1440 1441 181 
1354 182 1443 1446 1447 2362 
1354 764 662 663 664 1189 
1354 183 1448 1449 
1355 5902 5903 5904 5905 5903 
1355 5904 5904 5906 
1356 1266 2810 2811 2812 2813 
1356 2814 2815 2816 2817 
1357 5907 5908 5909 
1358 5910 5911 
1359 5556 5912 5913 5558 
1360 27 96 97 98 99 
1360 31 100 101 102 32 
1360 33 34 103 35 36 
1360 37 38 41 43 46 
1360 48 50 106 107 342 
1360 108 110 112 113 117 
1361 5914 5915 5916 5917 5918 
1361 5919 5920 5921 5922 5923 
1361 5924 5925 
1362 26 31 100 101 102 
1362 32 33 34 37 40 
1362 46 49 50 107 341 
1362 342 106 110 109 111 
1362 104 112 444 113 114 
1362 115 116 117 
1363 5926 5927 5928 5929 5930 5931 
1364 5932 5933 5934 5935 
1365 5936 5937 5938 5939 
1366 5940 5941 
1367 5942 5943 
1368 161 661 662 5944 5945 
1369 857 859 1136 1137 1138 
1369 2759 1139 1139 1140 
1370 981 5946 
1371 0 159 1 2 160 
1371 3 161 162 163 164 
1371 165 166 333 334 610 
1371 168 167 169 361 170 
1372 5947 5948 5949 5948 5950 
1372 5951 981 984 981 984 
1372 5578 985 3793 
1373 5642 982 
1374 5952 3792 5953 5954 5955 3793 
1375 984 5642 
1376 5956 985 5953 
1377 4773 5957 
1378 981 984 982 
1379 5958 5959 5960 
1380 5961 5962 5963 5245 5246 
1380 5247 2655 2275 1649 2172 
1380 3938 5964 5965 5966 
1381 984 983 3791 5952 
1382 981 5967 5953 
1383 981 5946 5955 
1384 981 983 
1385 984 982 
1386 5956 985 5953 
1387 981 982 3791 5952 5954 5955 
1388 179 180 1439 1440 1441 
1388 1442 181 182 1446 764 
1388 1447 2362 661 662 663 
1388 664 1189 183 184 1448 1449 
1389 5968 5969 
1390 5970 5971 
1391 2549 2549 
1392 5952 3792 5967 
1393 983 5967 5953 
1394 5956 985 5953 
1395 981 983 3791 
1396 5972 5973 
1397 5952 3792 
1398 983 5952 
1399 5946 3793 
1400 5642 982 
1401 5952 3792 
1402 981 984 
1403 981 983 3791 5952 3792 981 
1404 985 5946 5954 
1405 981 983 3791 
1406 5642 982 3791 5974 5975 
1406 5976 5977 5978 5979 5980 5981 
1407 1886 1887 5982 5983 5984 
1407 5985 2276 3939 3938 5986 
1407 5987 5438 5988 5989 5990 
1407 5991 5992 
1408 5993 5994 
1409 983 981 
1410 0 159 
1411 981 5952 3792 5956 985 5954 
1412 981 983 
1413 5995 5996 5997 5996 
1414 3792 5967 5946 
1415 5998 5999 6000 6001 
1416 6002 6003 6004 6005 6006 
1416 6007 6008 6009 6010 6011 
1416 6012 6013 1771 6014 6015 
1416 6015 6016 6017 6018 5706 
1416 6019 6020 6021 3960 3961 
1416 6019 6020 5708 5137 6022 
1416 6023 6024 6025 6026 6027 6028 
1417 6029 6030 6031 6032 6033 
1418 1975 1976 6034 
1419 2549 2550 3383 6035 6036 6037 
1420 98 99 30 31 100 
1420 101 102 33 32 34 
1420 103 99 100 40 43 
1421 6038 6039 6040 6041 6042 
1421 6043 6044 6045 6046 6047 
1422 6048 6049 6050 6048 6051 6050 
1423 1 2 226 160 3 
1423 161 6052 6053 2702 6054 6055 
1424 2119 2095 2102 2120 2047 
1425 6056 3891 3072 3893 3741 3740 
1426 6057 6058 6059 6060 6061 
1426 6062 6063 6064 6065 6066 
1426 6067 6068 6069 6070 2137 
1426 2138 2139 6071 6072 6073 
1427 6074 6075 6076 6075 6076 
1427 6077 6078 6079 6080 6081 
1428 2985 2440 2985 2440 652 
1429 25 26 27 94 29 
1429 95 96 97 
1430 0 159 1 162 163 
1430 164 165 
1431 981 5578 
1432 3347 6082 
1433 984 983 3791 
1434 6083 6084 
1435 6085 1514 1515 6086 6086 
1435 6087 6088 6089 
1436 6090 5547 
1437 3892 3893 3741 3731 3466 
1438 3842 3843 5315 881 6091 6092 
1439 6093 6094 6095 
1440 0 159 2 160 3 
1440 161 179 180 1439 1440 
1440 1441 1442 181 182 1443 
1440 1446 764 1447 2362 661 
1440 662 1189 184 1449 6096 
1440 6097 6098 6099 6100 
1441 25 98 
1442 0 159 
1443 5674 6101 
1444 0 159 1 2 226 
1444 160 3 161 162 163 
1444 164 165 166 333 334 
1444 610 168 167 169 361 
1444 170 171 362 172 611 
1444 173 174 1438 176 177 
1444 178 216 762 179 180 
1444 1439 1440 1441 1442 181 
1444 182 1443 1446 764 1447 
1444 2362 661 662 663 664 1189 
1445 0 1 2 161 
1446 983 3791 5952 
1447 0 159 2 226 160 
1447 161 162 163 164 333 
1447 334 610 168 167 169 
1447 361 170 172 179 180 
1447 179 180 1439 1440 1441 
1447 1442 181 182 1443 1446 
1447 1447 2362 661 662 663 
1447 664 1189 183 184 1448 
1447 1449 183 
1448 6102 6103 
1449 3791 5952 985 
1450 6104 6105 
