"Item_Index"
7014
7196
37570
8864
24173
5976
309
7159
5965
7020
11898
14247
7157
6473
6921
5918
31825
37374
10763
37002
37876
10265
10264
7192
37980
9428
37055
10293
15528
4037
8585
9180
7158
5968
6402
6849
11893
7195
5945
11829
39162
14168
6465
7012
5961
12450
6910
31260
6913
10833
10765
10597
26902
9244
9245
19610
6851
13935
6009
14211
5969
10195
8946
7167
9424
10767
8949
8928
9222
6022
7184
7035
6943
21257
6039
5962
7155
11899
7166
7165
19362
14442
9423
6937
496
7156
5898
11831
13731
7182
7183
7160
7179
6891
39885
31277
8741
11836
7185
6018
