"Question_Index"
7014
7196
7651
8864
4227
5976
6930
7159
5965
7020
1925
4274
7157
6473
6921
5918
1906
7455
790
7083
7957
292
291
7192
8061
9428
7136
320
5555
4577
8585
9180
7158
5968
6402
6849
1920
7195
5945
1856
9243
4195
6465
7012
5961
2477
6910
1341
6913
860
792
624
6956
9244
9245
9637
6851
3962
6009
4238
5969
222
8946
7167
9424
794
8949
8928
9222
6022
7184
7035
6943
1311
6039
5962
7155
1926
7166
7165
9389
4469
9423
6937
4928
7156
5898
1858
3758
7182
7183
7160
7179
6891
9966
1358
8741
1863
7185
6018
